##
##EDUK source data file build with formula: hi; seed: 731232778; wmin: 5000; wmax: 105000; pmin: 5000; pmax: 505000; c: 5052835; n: 5000; interest: 1; step: 50

n: 5000

c: 5052835                              

begin data 
86543	3810543
90505	4160056
68177	2333579
76979	3012768
70620	2512779
60141	1817174
68244	2339317
7147	16827
17894	152610
37140	665508
17401	142974
73755	2744339
95463	4644710
76144	2947022
100482	5129728
94925	4589853
35118	598824
22383	242986
52143	1343268
31733	486663
16282	123412
42321	868151
31989	494175
89844	4097989
85547	3719225
95270	4623798
13003	76190
75058	2848124
47106	1078299
27101	352722
10422	43532
19175	177658
40694	800832
65632	2170242
79967	3241848
94026	4499018
40173	777096
9080	30791
73843	2753574
26488	339291
54443	1463157
95979	4695906
81052	3329189
7580	19748
81391	3357088
69450	2428351
11372	54291
74378	2793052
57102	1630003
76087	2940194
18523	164340
13872	88890
81993	3407559
10953	49736
11033	50679
69152	2407448
31143	468405
61160	1877041
44297	948735
55722	1548317
43158	904211
27697	368709
48497	1152470
14941	102774
100980	5183629
95471	4646062
34841	589112
94288	4523903
12953	75488
36260	637176
40569	794668
76616	2986179
40384	786108
34551	581037
31745	487490
80627	3296273
8117	23558
102001	5271969
89751	4088326
38957	732585
94881	4582944
13157	78485
24494	293615
6855	14571
43215	907157
37653	685437
73671	2735253
28473	389825
13443	83291
81657	3379590
64862	2124468
78975	3168973
7156	17009
53536	1416033
36658	650146
83069	3503414
19920	192178
32133	499684
5232	5884
33993	564007
51254	1297522
23785	277788
53978	1443562
40424	787700
89811	4093771
85607	3727878
8921	29471
73260	2704447
19961	193185
60419	1835963
68094	2327300
8676	28010
76451	2972804
51860	1328088
69107	2400998
18875	171964
69127	2403785
67831	2312840
28308	385813
82927	3487387
82264	3431278
43386	912950
16856	132698
27221	356528
21459	224545
19178	177886
28926	403427
36817	655214
66155	2209576
31662	484280
12015	62048
45914	1019749
39448	748649
71027	2541635
55323	1525478
20190	198740
24709	298736
38350	712189
40583	795770
49153	1183509
70141	2475192
17917	152991
50640	1262469
71426	2571791
18336	162112
39642	756753
91380	4238946
36453	643171
32432	509981
55762	1553382
62501	1972576
64437	2100124
10334	42715
43114	901093
7724	20807
93287	4418558
9094	31039
89595	4073100
71230	2554654
31562	481469
70055	2469326
63509	2032011
67643	2299581
18211	159305
60151	1818084
32384	507903
50662	1264565
22110	237518
34933	592452
12131	63802
38079	702107
25834	322707
7116	16441
36071	630538
5632	7914
41447	830423
94231	4519271
72642	2659613
37431	677573
37170	667556
65547	2166107
17187	138885
70647	2514451
76750	2995284
9980	38670
17844	151259
39074	738378
46389	1041605
65719	2175778
20011	194715
51930	1332513
16997	135232
15791	116073
7537	19467
56199	1575214
33433	544138
92118	4309358
59628	1787201
20037	195383
20645	207724
10062	39744
76053	2937342
80760	3308227
70564	2507219
16349	124595
54920	1494887
55833	1558184
64327	2088748
66207	2212656
56214	1577911
25128	309235
15315	107931
38467	716715
38734	726023
58176	1697734
52584	1366341
37484	680057
12479	69457
94457	4540569
11932	60360
53500	1413993
91888	4291197
80334	3270511
28990	404907
21058	217319
19347	181655
30666	455271
47849	1114721
72718	2666805
5729	8444
71067	2543783
11931	60225
74691	2818377
54299	1456001
32562	514686
83312	3527965
15399	108849
10167	40815
20961	215019
87996	3933917
9942	37990
91510	4252344
66085	2204563
44537	959310
53482	1412975
36573	646780
96314	4729725
50554	1258282
37366	675633
85148	3682138
51119	1289959
34686	585422
52144	1343826
12486	69623
97989	4894913
100188	5105646
95807	4680733
31797	488943
56810	1610150
7041	15730
53912	1439625
72368	2639346
9935	37861
38216	707755
70752	2523917
77017	3016585
12136	63959
11294	53447
13073	76871
43487	917712
59423	1773231
50196	1238158
64165	2076998
20945	214641
22847	254827
82971	3491749
89352	4046752
93491	4443302
19323	181231
20502	205217
20586	206706
39763	761076
28992	405235
38834	729080
22864	255257
21525	225680
7188	17168
86971	3847799
24146	285724
83268	3521058
12391	68184
63180	2015738
97427	4836413
13617	85234
35890	625187
78884	3163731
88621	3985080
46563	1050250
30629	453784
39791	762425
28134	381433
74874	2831329
43898	933509
46596	1052890
32585	515722
8645	27814
61232	1881729
65927	2192651
77809	3075072
63427	2028103
26050	327796
48283	1141510
61607	1908838
6594	12772
77526	3054491
12033	62264
40629	797910
16309	123951
46606	1053593
35910	625906
50997	1281189
93472	4439567
91843	4288175
57886	1679897
35315	606153
64912	2127416
11766	58026
37417	676936
73169	2692961
99157	5006183
34760	587384
8059	23133
65745	2177963
11098	51575
51362	1304422
44651	964494
55137	1510852
75757	2917488
55292	1520697
87370	3884828
68279	2341896
73936	2760774
71823	2602048
84584	3637249
40298	781970
35215	602270
94887	4585144
67394	2282951
24607	296487
95598	4658971
20649	207973
88362	3962760
11956	60858
81994	3408431
57209	1638271
82953	3490152
22107	237258
57096	1628675
32778	522110
84851	3661591
51004	1282402
19140	176741
45919	1020328
16693	130010
13259	79659
84434	3626547
22481	245195
47665	1104645
88416	3968742
24318	289002
12284	66173
45513	1002061
26320	334713
18534	164625
64180	2078778
51737	1323376
44413	954380
15233	106221
23506	271131
34895	590378
10781	47808
32402	508847
35108	597934
37277	671370
14528	97795
50338	1245754
13381	82075
83514	3544101
97577	4857616
55725	1548961
25607	317767
42039	856377
22689	249805
42054	857536
96738	4769058
55313	1522959
71792	2599479
89854	4100260
95260	4622358
20505	205463
20768	210675
84569	3635753
59145	1754155
49181	1184684
52647	1369589
48174	1134040
49536	1202784
88861	4002144
29151	409237
35824	622936
14045	91466
59477	1776050
12504	69859
52310	1350762
40222	779679
74654	2813970
6859	14651
76207	2951003
84002	3583432
76277	2957569
73747	2742550
70114	2472109
27385	360641
77376	3040775
77393	3044565
23664	275393
50332	1245093
18735	168553
63970	2064870
41658	840149
20076	196385
32377	507465
92932	4386754
59766	1795559
9647	35321
46415	1043131
29457	419251
90601	4167200
74432	2799592
60949	1863773
37262	670721
27940	375368
38110	703070
101024	5187919
80843	3314073
12131	63670
70285	2485238
34122	569982
23214	263937
78286	3114461
10246	41686
85560	3721518
52776	1376684
12539	70449
52924	1381619
57692	1668421
71677	2590975
17088	137192
59884	1802139
22952	257181
96457	4744520
30685	456179
73342	2711186
99385	5032711
76923	3009027
87269	3876825
67122	2265596
56076	1568368
79124	3178944
99234	5015063
59131	1752536
26342	335528
42181	862700
83822	3568151
28281	384582
73444	2716434
80740	3306592
13475	83633
24272	287961
6488	12065
89311	4043995
12037	62416
27319	358651
83674	3556795
61461	1898092
37478	679181
93635	4454858
86040	3771033
41388	828399
15524	111673
41848	848657
85621	3730223
62591	1978578
19539	184860
60804	1858106
19311	180723
54544	1470838
32824	523505
51324	1301899
66049	2201367
73834	2752495
71865	2607217
11772	58180
86863	3838634
88963	4011219
100377	5122347
83866	3570865
92723	4364750
51862	1328666
49663	1209405
75231	2866073
82235	3429236
96584	4755633
14671	99380
27701	369042
46858	1065486
91519	4254602
73871	2756108
17237	139829
20302	201111
55795	1555429
16732	131018
38814	728306
63690	2041678
79237	3189073
73221	2698565
29827	431533
86984	3850134
68092	2326545
16368	125087
12404	68385
27852	372482
60672	1851622
102257	5296542
54727	1485203
31241	470833
17336	141718
21014	216429
75578	2900687
92731	4366993
80994	3323536
5177	5698
49708	1213024
78702	3148483
35190	601121
12308	66688
19960	192968
30703	457078
63707	2042863
17756	149578
20705	209392
92508	4345315
7505	19062
76471	2975125
34028	565622
24492	293336
33242	538321
89948	4109974
19607	186115
91722	4276972
9212	31939
47996	1123028
33236	537200
25436	314864
58566	1720976
81623	3376541
18975	173858
25852	323194
56456	1589840
91198	4219471
94242	4520746
79348	3198337
56264	1579883
22386	243245
33657	551217
11953	60721
74241	2782654
73300	2707404
82102	3417060
50017	1226141
85980	3765803
55173	1513505
102516	5328525
84590	3639215
6909	14836
15893	117812
97535	4849627
94346	4529535
10310	42393
10717	46954
43218	907664
14740	100150
53774	1431582
78088	3100292
32210	502528
45110	988148
41764	844404
83737	3562005
15558	112565
96445	4741006
11920	59919
54916	1494218
12097	63238
13012	76376
10118	40292
59222	1760035
91384	4240053
83999	3582456
54636	1476628
57584	1659488
82979	3492918
37225	669296
42383	871145
57029	1624450
83731	3560902
75707	2911747
52933	1382393
69802	2453347
16305	123752
97411	4834639
89300	4041698
19255	179595
66074	2203527
68811	2378909
18046	155227
23113	261363
83256	3518871
67465	2287403
49570	1204616
88179	3948327
75502	2894711
34565	582328
29491	420039
87078	3856927
18683	167313
62662	1981455
26111	329373
92772	4373590
69138	2405561
15981	118961
87905	3923653
59801	1798429
47666	1105149
14507	97351
22761	252473
67647	2300401
33142	535011
57586	1660127
41535	835138
73781	2748280
49399	1195438
91274	4228507
64500	2104796
47419	1092698
13979	90156
21881	232799
42892	892514
93790	4475470
51156	1291932
48387	1147405
37358	675105
86795	3833014
77998	3093569
22471	244859
28839	399259
91618	4264738
55086	1507226
37024	661165
72645	2661192
75425	2886424
96855	4782626
48561	1155471
33979	563426
9776	36516
50044	1228827
21911	233575
79776	3231690
12278	66011
30256	443927
44124	941441
92734	4368065
21557	226242
89985	4113483
52563	1364208
85180	3686091
50395	1249214
65061	2138890
99237	5016218
71347	2566787
18245	160168
70425	2495873
63137	2012441
17884	151781
27959	375914
59975	1806092
96496	4747407
8527	26884
38940	731864
68628	2367733
16916	133693
28643	393609
89509	4066479
47724	1107460
16879	133053
38178	705881
85209	3690794
60073	1813297
19534	184609
42139	860551
25096	308328
18226	159627
83619	3551932
76875	3004040
59543	1781632
10502	45109
18574	165175
102261	5297774
14481	96872
46990	1072780
95396	4637601
71236	2555584
93094	4401906
20247	200150
51680	1320339
99543	5051748
38161	704789
37585	683814
94480	4545490
81673	3381072
8880	29150
89723	4086150
84882	3665487
47107	1078798
77341	3037845
30743	457991
46970	1071377
65751	2179495
80672	3300554
38586	721284
32116	499088
85665	3733865
37716	687734
11943	60540
48673	1163562
74556	2808023
28526	391128
48723	1165741
79233	3188108
85814	3747296
100734	5157819
89627	4077261
62110	1942641
10056	39501
52950	1383912
65915	2190254
58653	1725315
78142	3103223
91645	4268760
8925	29581
44862	975893
72897	2674849
13154	78330
88945	4009511
57175	1635566
100645	5149203
58799	1734371
55443	1531029
24021	283015
30036	437632
29624	424058
24380	290750
63782	2050423
73068	2686296
50772	1269373
16229	122837
84270	3609313
97539	4850812
75679	2909140
87105	3859876
39587	755305
45402	998228
42155	861308
35099	597421
35918	626407
89577	4071374
53108	1392353
59223	1760663
72015	2614849
67625	2298289
24433	292134
55690	1546294
21435	223849
55755	1552624
23550	272125
92936	4387878
64246	2081564
79284	3193360
100995	5185411
80703	3302638
102664	5344495
57345	1646223
93772	4472728
24379	290488
85826	3748683
47801	1111187
47821	1112619
9190	31663
22245	239883
24196	286564
44317	950518
64172	2077872
27734	370051
16955	134361
88806	3998775
64547	2106983
49690	1211577
32085	497298
69356	2422958
85667	3734812
30269	444739
75279	2870942
61190	1879201
93093	4400916
47442	1093705
43745	927599
36593	647508
27552	364804
12339	67638
41259	824132
33237	537560
39028	735911
28910	402314
88912	4006232
92461	4341244
54480	1464705
86715	3824237
76097	2941353
14879	102031
72217	2628740
27991	376915
23992	282424
74090	2771004
23624	274206
35184	600664
69073	2398422
52547	1363258
38217	708164
77467	3050607
47456	1094992
65524	2164686
11467	54985
23399	267976
33953	561960
41534	834696
47315	1087401
24232	287235
80159	3254486
29881	433844
63778	2049012
71258	2557818
43888	932854
31553	481010
57124	1631214
57590	1660822
36619	648337
13913	89301
64159	2076155
44860	975391
28799	398410
87498	3894049
9049	30386
57145	1632393
25379	313373
37728	688722
29895	434354
78303	3116716
68588	2364973
57611	1663754
77967	3089186
38115	703552
29650	424731
43463	916326
21613	227271
86555	3811940
56584	1597439
46121	1030437
29299	414307
73231	2701159
70197	2479296
22929	256690
47016	1074326
5532	7157
67670	2303238
58672	1726467
97183	4813536
40919	810258
84405	3624453
86013	3768112
68440	2355034
76233	2953552
84609	3642593
87242	3872110
53945	1441594
12691	71965
88298	3956331
34214	573271
26491	339603
89146	4026646
23453	269561
83811	3566835
57086	1627809
32149	500266
40782	804230
50018	1226668
78664	3145377
8309	25116
45555	1003446
54210	1452510
64104	2071133
28647	394249
14130	92604
68763	2375159
12336	67356
102728	5350927
101064	5192007
66981	2258128
97101	4804581
69223	2412714
64421	2098302
65796	2182315
53520	1415063
40837	806559
71288	2559615
62963	2000520
62236	1952258
76977	3011914
90160	4130569
31627	482780
88794	3997335
47512	1096771
93057	4398281
63729	2044215
25825	322327
56373	1584647
64359	2092382
85917	3758716
20238	199849
32168	501222
13133	77927
8456	26203
33395	542833
70128	2473315
18585	165467
83897	3573033
41927	852389
83275	3523031
20709	209646
69937	2463040
61049	1870548
31182	469629
44569	960908
41502	832786
76826	2999804
37011	660558
73549	2721805
78510	3133668
10609	46250
56844	1613413
84192	3600873
11961	61009
75946	2931671
86730	3826656
24984	306176
53819	1433325
36392	640239
26642	342633
40990	813737
54788	1487409
31852	490113
29162	409986
15147	104994
66662	2236589
39977	770454
46945	1069849
85673	3735942
96807	4775382
27182	355458
78990	3170375
40083	773720
76437	2971486
52669	1371763
31133	467940
10499	44984
28194	382821
84033	3586450
88984	4013952
89928	4107252
65814	2184903
58847	1737572
47588	1100939
91799	4283339
58683	1728577
32513	512580
61366	1890189
72655	2662291
18642	166553
21583	226735
43541	919739
97021	4797683
33629	550418
47905	1116989
88699	3991269
41510	833366
71745	2597054
93640	4456985
18124	157785
36154	634208
9054	30503
8015	22748
15173	105330
22617	248075
5709	8285
79696	3222006
26150	330396
69014	2393594
58100	1693757
54665	1479082
45827	1016421
22683	249501
74375	2792187
21065	217607
44076	939529
33243	538672
16011	119516
61884	1928689
38672	724072
35414	609293
69430	2426946
19969	193471
6821	14346
73603	2726783
15093	104463
87965	3927216
59481	1776773
61558	1904206
94229	4518230
5040	5142
61120	1873961
97244	4819496
63759	2047121
40509	792257
47963	1121279
35685	618333
21873	232032
68396	2350056
51054	1285732
100509	5135160
44637	963736
100524	5137951
84377	3619845
55055	1504706
98419	4938195
44561	960281
90273	4142109
82323	3438722
68557	2361836
79644	3216696
32866	524845
47933	1119599
93042	4396635
42875	891729
100712	5155677
81459	3362359
65709	2174781
51341	1302847
29579	421599
11206	52672
29400	417244
82147	3420586
38425	715147
50982	1279773
32358	506499
56472	1591432
63940	2061323
87990	3932763
39764	761499
19420	182938
29874	433441
11647	56959
87818	3917118
63962	2063318
10492	44839
8612	27522
8245	24470
57097	1629283
85528	3717539
29678	426349
80329	3269497
60218	1823763
5828	8839
52451	1358114
35507	613437
55164	1512704
46040	1026756
89598	4074135
90245	4139014
23064	260094
97914	4889187
60180	1821396
23136	262568
11929	60092
77250	3032714
62389	1963998
11977	61345
55319	1524251
99402	5036576
32558	514293
39814	763675
62458	1968063
62213	1950274
54500	1466895
17399	142772
18154	158424
69071	2397655
65997	2198306
69048	2395468
34294	574964
25700	319972
61150	1875503
78528	3135181
17465	144231
9209	31827
5270	6342
88596	3982172
96842	4779054
92560	4349617
81762	3390540
42570	880190
77842	3077162
29165	410323
61597	1907283
41196	821616
48588	1157591
101674	5238700
12182	64720
66385	2221947
7634	19971
46807	1061944
7055	15835
69769	2450784
63095	2009188
69297	2418101
82071	3414941
59195	1758637
34005	564550
67661	2302246
70502	2502873
102471	5323096
92781	4375881
17605	146848
20669	208599
22985	257786
58943	1741600
64998	2135499
80862	3315672
49254	1188430
45654	1007943
6960	15169
56025	1566375
28744	396470
78312	3118654
72565	2654591
52078	1338959
45924	1020906
44393	953498
7413	18507
76083	2939269
28919	403038
77216	3030601
44854	974804
62494	1971721
5723	8374
72910	2676063
45342	995990
7700	20488
7017	15598
11074	51223
80504	3285555
10355	42916
74362	2790190
81007	3325702
7457	18774
75509	2895746
16703	130263
75890	2927975
77994	3092619
97396	4831937
85587	3726141
66455	2226301
50906	1276327
62360	1961820
7378	18262
31177	469238
60785	1856912
46805	1061422
33585	548665
34052	566373
23231	264610
102462	5320564
19928	192457
69234	2413796
42493	876438
57698	1669179
87120	3861422
83657	3555233
61727	1918179
85402	3706899
20737	210147
49207	1185805
36906	657932
61905	1929967
94458	4541572
13434	83096
101153	5198612
64387	2095896
46180	1033164
49095	1181120
36123	632929
74455	2802715
5635	7980
96752	4770718
27967	376309
95454	4643308
10964	50015
77662	3065348
96269	4723646
74889	2833414
93856	4485224
13642	85820
75133	2856280
11841	59014
34060	566854
12094	63099
94720	4570397
16949	134135
33078	532282
52178	1345760
81206	3342897
22182	238752
18080	156641
48606	1159007
82453	3448316
70993	2539704
71822	2601290
43297	910197
59798	1797731
49059	1179259
94578	4553056
59018	1745610
42792	888691
40583	795355
11542	56197
79352	3199299
14408	95936
6130	10103
11783	58355
29681	426693
38582	720816
37151	666081
26356	336254
82772	3474193
36386	639758
35625	616565
36398	640716
90021	4116939
36868	656874
84053	3588996
18633	166281
74292	2786068
67553	2293799
72550	2652582
75324	2876470
90268	4140974
75548	2898772
40938	811459
26513	340155
22683	249269
84051	3588066
59599	1784515
34552	581411
68547	2360105
36135	633508
19158	177101
94041	4500682
14166	93276
50120	1233238
73199	2697012
91418	4244396
59627	1786563
29002	405667
56202	1575863
38369	712937
59524	1780464
7705	20584
66104	2205864
75040	2846681
68989	2392035
23981	281559
91378	4237936
14424	96190
65458	2160523
47369	1090579
98060	4900436
30469	449543
55798	1556077
11044	50964
22692	250075
61281	1885712
34934	592826
21949	234656
76670	2989062
13563	84604
68875	2383208
25900	324326
61762	1922397
35526	614125
41254	823616
90290	4144708
31450	477835
32597	516914
39073	737958
69455	2429230
23116	261637
19801	189603
54936	1496437
36456	643597
96700	4766212
84671	3646119
63658	2040007
41000	814354
37309	673089
53932	1440701
92523	4346947
84156	3598480
45811	1015132
11041	50834
37458	678440
81340	3352515
93705	4465754
57707	1670026
23982	281814
28784	397908
42539	878251
33314	540503
5603	7750
7136	16724
21055	217066
83274	3522150
26195	331509
26724	343966
71420	2570850
58786	1733394
50450	1252616
93131	4406479
37202	668505
49526	1202043
44594	961899
66879	2251987
101049	5190218
81846	3395675
77906	3082833
87144	3864240
50272	1241058
64550	2107731
98148	4911764
77923	3085081
47045	1075949
64707	2116123
20795	211166
45865	1017729
75714	2913545
76709	2992131
104276	5432606
50266	1240398
91485	4250265
35483	611939
15300	107500
102266	5299059
23031	259014
50725	1267171
73989	2764238
22738	251517
92942	4389101
93913	4490779
98363	4933410
65164	2143588
54403	1460437
33612	549452
17310	140966
54507	1468736
41302	825830
34418	578445
66638	2234444
82560	3456124
74676	2817057
38203	707122
64300	2086565
27871	373591
46848	1064307
11534	55916
56553	1595992
75300	2874027
70982	2537875
10093	39971
65389	2155603
51217	1295026
65411	2158310
39824	764274
9086	30914
18153	158222
54065	1447527
57774	1673720
91835	4286875
39430	747907
59941	1804460
33875	558941
60698	1853027
85861	3752808
78771	3154429
10440	43721
81565	3370845
82305	3437142
47272	1084493
9402	33098
47908	1117550
52366	1354324
16170	122220
28464	389406
23985	282098
12831	73841
97588	4859147
7402	18398
57604	1662971
75419	2885435
62196	1948484
96871	4784394
9841	36971
90034	4118436
71159	2549236
45820	1015799
57314	1644164
52383	1355291
74375	2791433
42208	863680
58835	1736621
17941	153379
44426	955112
40776	803692
59185	1756538
76117	2944440
46833	1063487
29999	436473
27875	373929
67656	2301391
18083	156856
41213	822375
86650	3819622
70139	2474412
48594	1158231
61913	1930845
81135	3335876
90731	4178662
18100	157196
97809	4881968
87345	3881957
33040	530664
69991	2466359
56863	1615105
15627	113888
51195	1293949
13424	82894
38380	713529
91062	4209509
55343	1527150
53091	1391365
48226	1137220
99687	5067078
16485	127005
49017	1177259
74340	2788619
43399	913664
61313	1887316
74821	2827054
35248	603919
75831	2922631
33003	529393
51236	1296026
30119	440070
26335	335172
18280	161237
29358	416052
94100	4504457
42288	866613
79182	3183662
20174	198170
83415	3536544
38164	705233
52708	1373848
87251	3875148
89829	4096403
37494	681388
63366	2024228
42768	887754
40450	789031
60351	1832067
41448	830865
40749	802750
15788	115891
22332	241746
72104	2622452
49331	1192793
92466	4342411
102307	5305303
97612	4862307
48584	1157001
58224	1702675
82065	3413039
14830	101536
57057	1625827
68861	2382024
78877	3162657
54655	1478255
73241	2702263
60962	1865409
60993	1867597
30746	458353
72204	2627542
76316	2961390
31359	474209
99195	5010102
87639	3902091
17018	135578
75021	2845200
34755	586940
52664	1370565
39929	767911
35650	617364
100887	5173775
85938	3761368
24418	291703
98657	4960071
74957	2839002
99447	5040861
13566	84769
49504	1200505
45598	1005317
70956	2534073
50441	1251880
67913	2317693
6321	11044
95577	4656988
72306	2633446
99558	5053510
75186	2860568
8877	29048
18985	174143
50046	1229379
61104	1872850
30005	436872
81264	3346928
23600	273441
89451	4059348
21742	229305
40463	789700
36488	644534
19021	174861
13164	78808
41844	848146
82299	3436057
11731	57734
65519	2163863
96061	4702816
55317	1523634
33512	546450
38444	715896
60005	1808813
81891	3400019
71314	2561992
62284	1955654
45961	1022195
41688	841175
65702	2173890
87967	3928196
28019	377580
61930	1932621
67900	2316560
10096	40094
43582	921495
44172	943368
89194	4031508
91365	4235490
78313	3119486
55031	1501818
51015	1283715
61513	1900320
17891	152397
55531	1535700
88122	3941334
73948	2761964
72087	2619647
25035	307059
38200	706679
60273	1827862
68190	2334715
60961	1864757
38870	730155
24553	295076
5592	7669
75629	2905698
86297	3792742
51720	1322414
95280	4625240
11536	56046
94228	4517232
5256	6269
26856	347050
99273	5023046
47418	1092191
46489	1046695
59993	1807241
25291	311759
63017	2004787
73036	2683648
90162	4131572
9931	37736
25056	307578
97016	4795475
16982	134931
7000	15403
28044	378777
6079	9619
11260	53164
92085	4306888
29838	432001
5540	7233
45578	1004418
101576	5229560
75863	2924629
52340	1352594
86602	3815757
71335	2564188
60321	1829931
95182	4615697
24913	304537
76831	3001550
41290	825169
50878	1275111
87068	3855611
91656	4271125
77331	3036676
33962	562451
84300	3613991
9958	38268
12418	68853
79723	3224715
39835	764889
41755	843374
70508	2503799
33578	548211
5550	7372
91010	4203438
83101	3508117
5113	5339
8431	25951
39120	739643
31529	480325
98269	4924740
18686	167536
17886	151983
70691	2517453
65222	2148127
98501	4947272
35302	605566
20012	194933
23383	267548
71599	2585260
94839	4579007
29741	429069
25730	320613
73189	2695169
6373	11282
74808	2825054
56849	1614129
9864	37273
75978	2933677
47543	1098934
76109	2943362
5136	5479
98817	4975082
7960	22149
30694	456627
82795	3475994
59112	1750777
86957	3846300
48643	1161368
56544	1595169
82687	3466454
72487	2648811
7985	22398
61729	1918870
102488	5325006
61429	1896484
100067	5093436
38970	733224
85553	3720348
90835	4188029
64491	2103849
67472	2288320
86597	3814659
47742	1108854
18971	173427
88999	4015525
5736	8515
84904	3669013
93690	4464095
50398	1249796
34136	570565
84471	3629841
19640	186636
76371	2965842
69108	2401727
18043	155012
61156	1876303
12873	74481
55588	1538964
34077	567488
35394	608587
59637	1788070
85966	3763465
58635	1724192
34900	590821
7519	19260
20974	215366
84066	3590397
7148	16912
93101	4403178
66980	2257413
94832	4577716
79704	3223138
52030	1336668
68306	2343512
56397	1586461
68896	2386718
68100	2328881
49086	1180402
17771	149889
26305	334255
95017	4599078
69344	2421142
53720	1427427
39379	746540
96934	4790442
95044	4601347
11318	53917
79132	3180059
28286	385228
28318	386240
18053	155665
60506	1841665
48057	1126406
90990	4200677
70617	2511963
12939	75268
51264	1298299
48117	1131227
61643	1912452
7739	20935
54718	1483291
38536	719568
22716	250807
78284	3113596
91269	4227358
29431	418581
68422	2353033
53876	1436483
74557	2808814
85172	3684891
28285	384929
15485	110905
29990	436039
92780	4374898
42232	864601
59334	1766964
52938	1383064
80353	3273711
44781	971390
51009	1283048
52491	1360205
21827	231099
9609	34662
70963	2535042
58818	1735528
89128	4024930
88394	3966868
45087	986263
63958	2062545
26234	332276
54384	1458831
66779	2245916
37318	673627
66825	2248814
75147	2857569
13000	76036
70344	2490155
13400	82470
62934	1997695
40681	800167
89599	4075083
80472	3282622
53592	1419141
99133	5001969
45368	997022
58722	1730917
29659	425774
58456	1714784
13821	87530
77739	3069953
22555	246928
90441	4155291
47529	1098125
95295	4627895
80005	3244999
12625	71456
25926	324913
26732	344346
35864	624365
17034	136233
77378	3042409
13126	77743
57683	1667580
10978	50194
87700	3906571
86159	3782331
48064	1127546
46928	1068983
30393	448107
81701	3384706
54679	1481127
43205	906504
70917	2531962
31431	477223
54627	1475833
69675	2443966
6305	10950
49426	1197101
73196	2696161
60892	1861412
32936	527309
13674	86166
40930	810888
75091	2852404
56739	1606422
80392	3278549
46798	1060787
30535	451459
13621	85398
47237	1083214
11310	53762
48864	1171104
43785	929336
99369	5029900
65995	2197576
75002	2841463
47351	1089196
94688	4566936
63103	2010078
69874	2458000
15424	109501
74396	2795230
31392	475029
74430	2798768
53029	1388130
25675	319396
88327	3958517
58031	1688806
36621	648743
77753	3071292
87315	3879748
88340	3960883
15425	109669
100584	5144049
77615	3061138
85618	3729225
10206	41195
29774	429850
50387	1247996
68017	2323300
72358	2637526
35481	611540
60181	1822033
61552	1903397
86978	3848987
39053	737178
41833	847077
61335	1888615
10481	44566
71197	2552034
56480	1592227
63900	2058738
65284	2151485
6421	11657
50390	1248581
28453	388961
59147	1754811
47231	1082597
40664	799009
88232	3951593
69218	2411843
96153	4712150
37796	691117
61746	1920025
9128	31256
47449	1094348
33122	533664
101680	5240029
93718	4468262
62232	1951501
22294	240875
17327	141463
102098	5282126
94645	4561047
23083	260787
36699	651996
27674	368119
97714	4870335
54879	1490994
90543	4162711
87719	3908297
52998	1386777
24381	291014
22452	244189
40551	793489
52257	1348862
48356	1145199
46977	1072011
47804	1111740
44300	949250
5101	5267
19026	175102
74406	2796361
36099	631768
69608	2440201
17432	143774
70966	2535863
48061	1126985
14887	102243
64599	2110637
52485	1359522
55643	1541615
99251	5019931
84150	3597375
5251	6087
78851	3160021
22743	251811
75743	2915426
75190	2861481
77986	3091512
98728	4967615
99540	5050597
42135	860044
33877	559324
22257	240243
29342	415522
95798	4679326
17126	138211
85571	3724584
77936	3086384
27866	373238
68888	2385052
7944	21933
56604	1598581
90623	4169121
29198	411381
21342	222441
53212	1397764
99250	5018876
77621	3062162
94584	4554300
98214	4917037
7637	20067
92659	4357068
52581	1365735
50959	1278683
22809	253708
59483	1777433
35801	621807
31888	491644
61678	1914786
47519	1097410
42649	883559
54722	1484509
92227	4322819
61526	1901348
27342	359233
9432	33406
54890	1491848
94586	4555353
62313	1958447
12314	66851
51621	1316748
28439	388477
63839	2054194
75472	2891273
56005	1565245
43149	903145
97551	4853374
102665	5345577
53667	1424386
12562	70708
78188	3105837
93954	4493686
12835	73998
13827	87715
37238	669907
51558	1313575
6602	12859
75364	2879524
73112	2689386
75439	2887722
56837	1612642
64349	2090764
70384	2492995
14748	100360
32538	513646
45434	999397
41170	820681
19057	175779
28645	393930
98897	4981101
14283	94651
101992	5270477
71967	2612378
61653	1913383
17027	136001
33431	543761
72093	2621325
93782	4474148
96623	4760472
43534	919147
54721	1483931
85913	3757675
58043	1689745
54505	1468130
46492	1047238
58103	1694431
40500	791249
80892	3317722
95725	4670942
95514	4649112
68204	2336571
93486	4442120
39937	768470
96309	4728509
49652	1208636
8202	23889
65771	2180826
57591	1661429
22698	250377
13372	81881
53403	1408731
60432	1836971
49923	1222315
84114	3593293
80195	3257574
68245	2340043
59705	1791921
53586	1418437
63626	2038335
102573	5333560
70977	2536977
56932	1619949
73433	2715288
42315	867601
58178	1698385
55312	1522368
13295	80575
48317	1143300
54481	1465282
61761	1921738
15457	110219
55688	1545670
32991	528862
12048	62605
91893	4292360
28915	402684
51265	1298845
44440	955861
31246	471223
47273	1084995
79392	3201715
57273	1642412
98669	4961673
37481	679616
94362	4532203
46297	1037659
87249	3874179
84539	3633611
20483	204387
70529	2505261
33758	554249
53749	1429827
50167	1236934
41516	833912
80578	3291013
11379	54441
51551	1312877
91901	4294588
38512	718339
33863	558044
65863	2187194
60006	1809451
15839	116749
49308	1191732
100829	5167762
43576	920923
95881	4686278
72609	2657670
10298	42229
70299	2486440
17114	137582
82640	3462815
84682	3647450
36710	652563
19907	191643
69489	2431119
36234	635984
58237	1703648
19756	188763
80588	3293045
62276	1954776
58905	1739884
5271	6405
41851	849996
87723	3910235
58197	1700112
19658	187213
76461	2973963
73898	2758608
9251	32267
30285	445279
94208	4514369
7312	17943
48007	1123768
58252	1704676
64850	2123419
54951	1497407
70411	2494664
23778	277457
84892	3666778
101880	5260590
5690	8126
48651	1162545
49581	1205389
70740	2522775
99583	5057782
23375	266974
57764	1672849
24061	284468
61874	1927754
96213	4718963
25958	325842
60499	1840232
60353	1832735
35227	602838
51366	1305047
100187	5104591
41850	849551
80503	3284702
17041	136466
100017	5086865
82050	3411584
8756	28462
98589	4954667
54530	1469910
31518	479836
44890	976956
56451	1589126
15579	113210
38063	701032
53354	1405820
91729	4278221
67325	2277893
69187	2409367
12331	67196
59696	1791044
77625	3063102
68412	2351300
52419	1356758
56446	1588409
64255	2083153
82118	3418554
59372	1769900
79046	3174224
17022	135787
17419	143302
84591	3640115
91666	4272511
91584	4261305
6533	12436
49682	1210373
71539	2580922
60991	1866915
74833	2828261
76907	3006850
16069	120624
67570	2295055
84848	3660602
52221	1347402
16652	129340
23352	266467
12406	68526
45471	1000672
20081	196637
13531	84267
43096	900276
24572	295815
50763	1268637
6230	10549
49565	1203988
20447	203817
79996	3243829
76679	2990186
83051	3501813
29425	418195
69501	2432242
91019	4204768
58402	1712014
65637	2171071
96853	4781549
86825	3835210
63236	2018165
63164	2014585
44128	941979
50529	1256115
93706	4466746
90724	4176513
93477	4440746
97649	4865130
29089	407478
17588	146347
8478	26546
28933	403816
74792	2823698
89432	4056690
95755	4675298
45201	991515
83901	3574890
33211	536459
27662	367672
62987	2002556
83630	3553242
99697	5068590
80580	3291910
69577	2438413
62212	1949610
77016	3015773
65099	2140794
90019	4115942
7314	18026
54928	1495658
64383	2095115
45892	1018796
22999	258182
68705	2371772
27083	351938
91646	4269732
59505	1779294
86437	3802382
69350	2422052
48190	1135389
101536	5226474
94628	4559279
90216	4136772
95911	4688713
18411	163153
52614	1367658
37583	683391
20980	215865
98075	4903166
63745	2046023
70158	2476505
19211	178591
35854	623821
32827	523890
6797	14065
75401	2883228
21079	218179
8264	24795
80643	3297744
27107	353080
85434	3710015
11652	57106
80523	3287951
77390	3043664
67942	2319368
99027	4992639
93031	4395181
29622	423724
23119	261906
62349	1960208
89197	4032538
79739	3226975
24780	301120
63890	2057773
93589	4451728
31741	487106
78588	3139162
29363	416420
51299	1300743
10885	48856
11518	55720
26901	348185
51268	1299436
46306	1038328
100701	5154095
72879	2673448
86737	3827835
52788	1377534
91539	4256454
16625	128607
57081	1627084
13091	77395
57850	1677682
93639	4455991
9078	30686
26998	350003
14249	94277
74268	2784414
42834	889997
79067	3175861
15376	108526
79678	3218871
55943	1562383
53223	1398596
18872	171745
39041	736552
72346	2636363
73627	2731392
51502	1310589
52497	1360896
37029	661635
56715	1604013
67328	2278670
76922	3008208
24338	289747
51251	1296923
78682	3146890
62694	1983732
57647	1665954
59109	1750091
29839	432325
24035	283917
79176	3182624
66402	2223192
7998	22610
55644	1542202
97459	4840937
46915	1068211
82724	3469672
77576	3057240
63997	2066385
6126	10030
95975	4694746
88136	3943738
56871	1616485
62085	1941233
58524	1717961
82347	3441389
23418	268676
77192	3028879
7987	22490
52088	1340267
55326	1526122
98438	4941135
19992	194114
12081	62903
24311	288669
42953	895526
31340	473277
64712	2116941
63310	2021802
83076	3505386
54485	1465939
10061	39633
57324	1645036
78568	3137573
89449	4058360
46155	1032137
56467	1590720
64876	2125579
60027	1810688
42615	882421
71499	2577314
20679	208913
66728	2241503
74453	2801892
31686	485292
30165	441358
37950	696622
92673	4358660
16327	124258
98240	4920317
10904	49174
19227	178935
79693	3220283
43761	928382
87986	3931700
31675	484800
40179	777619
99248	5017777
74212	2780819
39358	745739
21875	232282
44705	966572
46908	1067578
65748	2178727
68885	2384250
55738	1550448
82841	3480429
39003	734642
67436	2285059
33126	534069
75107	2853772
21794	230525
83285	3525977
98765	4970474
49984	1224828
28852	400615
83940	3577399
9853	37124
43249	908751
50615	1261337
30319	446393
49481	1199445
100797	5164094
15576	112856
8050	23020
26896	347842
24030	283612
74918	2836018
35134	599453
100604	5146088
34095	568837
82996	3496146
20923	213776
39731	759662
50859	1273603
62493	1971058
23484	270156
81535	3368787
98220	4918322
51356	1303750
60563	1844013
65812	2184171
80346	3271812
5558	7441
14220	93934
100667	5151341
14643	99035
62908	1995588
62585	1977752
11476	55277
28401	387668
74812	2825959
97410	4833610
63861	2056190
40201	778455
5412	6696
73595	2725002
14397	95708
12242	65297
18055	155867
101786	5253686
25544	316724
40312	782654
65201	2146780
28845	400225
79410	3203242
51653	1319128
86470	3805584
86030	3769727
94443	4538943
45683	1009044
77399	3045583
28755	396916
52573	1364996
32929	526523
9412	33234
60158	1818904
100138	5099072
99504	5046767
21234	220662
10924	49376
50470	1253620
56383	1585497
88593	3981144
83217	3514695
6229	10481
67130	2266548
7708	20676
94437	4537704
99685	5065977
72369	2640114
45765	1012711
89982	4112438
93366	4425121
40470	790248
83313	3528849
83540	3546049
22080	236738
9627	35041
55283	1519326
100161	5101252
61177	1878178
85285	3695813
99155	5005082
6817	14259
7073	15950
40900	809052
95124	4609052
63109	2010908
81752	3388470
40958	812270
87814	3916054
34101	569284
28082	379864
71240	2556450
61263	1883920
89264	4038269
42037	855904
44199	945286
96340	4732938
68376	2348674
75634	2906649
16423	126189
15844	116947
93426	4433618
10523	45309
87728	3911339
66748	2243525
100018	5087923
89496	4064091
63588	2035830
64923	2129095
85307	3697623
31868	490684
70471	2499644
53755	1430527
68351	2346432
15191	105612
52702	1373161
79861	3236742
76298	2959153
25934	325279
29177	410791
47342	1088505
85870	3754067
89386	4051897
44939	979847
73025	2681767
38529	719044
66408	2224060
19818	189967
6588	12689
68116	2330805
37776	690366
92173	4316570
75291	2872921
60338	1831057
78346	3122381
6548	12538
35201	601671
79213	3186501
71583	2583955
40615	797225
54973	1498568
66763	2244700
70258	2482870
42052	857067
73472	2718210
55093	1508531
53973	1442884
92701	4362778
78918	3165886
5000	5040
9472	33652
62485	1969543
45972	1022904
73897	2757820
45730	1011004
101529	5225088
37723	688248
62889	1993708
10368	43192
74021	2766184
81699	3383797
87194	3868219
22068	236378
38242	709016
95637	4662795
27630	366685
68104	2329708
40899	808618
18739	168979
19288	180305
22813	253987
49733	1215147
56864	1615711
94686	4565884
35502	612987
75220	2864899
41541	835682
13808	87307
77968	3090015
82618	3460224
37075	663209
54677	1480515
70900	2530637
95926	4691381
48069	1128153
63841	2054905
57173	1634928
101599	5231767
47825	1113198
10925	49492
75795	2919712
43000	896947
71539	2580195
57519	1655293
27049	351222
100957	5181429
24658	297611
89186	4030249
72092	2620560
12930	75083
56204	1576492
84240	3606332
65172	2144511
5148	5549
76586	2984235
51416	1307881
39650	757310
73610	2728530
19161	177326
95607	4660372
48308	1142594
28725	395910
72030	2616845
63093	2008485
58070	1692295
59190	1757289
82815	3478504
19994	194341
91278	4229610
23514	271466
12318	66999
95138	4611647
73831	2751636
67238	2272910
102725	5349733
14513	97545
64263	2084065
100184	5103431
52103	1341177
70715	2520451
101322	5209329
72679	2663904
25668	319047
26479	338635
14490	97082
27567	365284
73628	2732170
22788	253003
67702	2305008
15012	103584
24712	299027
77609	3060116
27152	354511
15204	105858
51136	1290907
96451	4742273
99048	4994691
95574	4655878
62919	1996578
45102	987053
16709	130486
80203	3258707
5196	5781
73227	2700269
49285	1190177
70312	2488313
57592	1662044
42703	885111
70733	2521808
8567	27105
86784	3831654
58200	1700792
75242	2868767
10540	45496
31783	488400
87245	3873120
23036	259305
74673	2816189
15803	116323
48158	1133172
100525	5139014
61719	1917305
86618	3817337
87876	3921476
47575	1100154
28482	390237
17596	146593
70609	2510250
62893	1994473
99390	5033963
50608	1260654
81955	3403500
88892	4004433
99593	5060298
90727	4177566
20891	213010
49132	1182506
9130	31362
84116	3594224
45710	1010102
22550	246644
58951	1742432
71664	2589780
94987	4594757
63299	2020812
34354	576671
50553	1257742
60609	1847863
64554	2108513
44850	974260
86119	3778837
21447	224200
68562	2362698
80521	3287061
23644	274917
9962	38491
93656	4461532
65804	2183241
42923	894466
42583	880890
94399	4534927
8110	23454
85759	3742295
55745	1551211
24687	298219
54706	1482409
62753	1986234
39136	740342
24802	301894
29283	413782
81733	3386859
15517	111459
71656	2588772
33004	529751
56919	1619000
100879	5172352
50828	1271799
39756	760540
61978	1935375
55794	1554834
64435	2099405
53038	1388901
82168	3422289
90600	4166246
77163	3026191
90109	4124590
16777	131726
43693	924732
52150	1344508
68610	2366421
53598	1420383
66192	2211485
79747	3228106
82666	3464735
44755	969464
97257	4822102
97139	4808426
75241	2867970
18118	157545
91948	4297711
48214	1136443
92174	4317547
51873	1329474
27435	361855
47303	1086643
16625	128784
47968	1121882
7118	16525
69691	2445935
27244	357109
12821	73511
67043	2260896
48567	1156104
20228	199540
61918	1931623
23004	258473
71923	2610050
18037	154772
61585	1906287
28068	379384
33293	539826
19185	178153
53334	1404212
57496	1654049
85340	3701633
56101	1570195
83349	3532058
19711	187921
42533	877696
54248	1454081
91517	4253590
77604	3059131
5753	8601
10000	38854
91996	4301800
31451	478172
100529	5140228
10453	43885
78611	3141669
74162	2776697
49225	1186740
77516	3053314
50832	1272412
80381	3275665
24848	303228
66747	2242820
10752	47448
61861	1926726
100075	5094852
100901	5175513
54420	1461444
18733	168344
82739	3471972
64448	2101135
5411	6635
60248	1825280
29698	427544
16470	126718
68819	2379877
44497	957996
79752	3229116
31655	483850
86327	3794931
78623	3142946
46854	1064917
56978	1621836
75006	2842369
84225	3603985
70700	2518491
54814	1488672
62561	1976364
81789	3392489
36791	654376
92744	4369467
40744	802234
93202	4410775
51596	1315589
36119	632488
82732	3470843
17970	153815
36081	631085
101507	5222931
99184	5008549
56342	1582641
16001	119276
10139	40487
76894	3005562
89773	4090235
7670	20320
94700	4568473
67740	2307678
18321	161791
39472	750309
62363	1962545
15770	115594
51387	1306102
38652	723305
35425	610212
80175	3255949
96172	4715021
54675	1479910
62432	1966616
21650	227883
8230	24062
64344	2089947
20272	200602
24948	305217
10656	46569
47920	1118320
94884	4584044
14138	92802
7112	16356
53346	1405068
102498	5326562
93368	4426157
93451	4437626
53117	1393123
17688	148092
8592	27361
95304	4630255
74928	2837150
10026	39065
46510	1048112
9575	34332
9756	36235
71126	2547336
18376	162656
86465	3804488
7111	16275
17837	151014
70594	2509001
100050	5091562
33778	555268
68672	2369940
97245	4820524
39024	735438
13083	77070
62759	1987057
66059	2202363
86360	3797249
7275	17693
46039	1026269
66791	2246991
13857	88649
69064	2396717
60604	1846490
68707	2372532
65483	2162014
49768	1216503
81957	3404410
44178	943940
30305	445880
58325	1708582
19391	182461
49896	1221146
82389	3443975
23870	279275
61416	1893597
77859	3078617
81760	3389630
101900	5262647
71430	2573385
15472	110490
86894	3841762
10747	47309
31401	475810
99391	5035013
83283	3525049
65917	2190982
89653	4081152
68961	2389671
73753	2743521
54035	1446176
18074	156403
77359	3039331
88172	3947123
30267	444395
15947	118543
88101	3939504
15033	103887
11662	57274
47364	1089980
31696	485770
77446	3048994
44925	979089
83032	3499338
47044	1075447
28632	393162
76536	2979963
91252	4225654
6497	12231
69203	2410624
80720	3304151
13853	88473
12532	70279
28040	378439
30774	459394
77445	3048173
45991	1023791
55726	1549552
13310	80950
22517	246050
85182	3687039
81619	3375550
30917	463424
11826	58694
85707	3738291
81852	3396747
51895	1330567
71706	2594197
20612	207178
91439	4247209
98839	4977185
45283	993770
36054	629878
8246	24558
92641	4355289
71162	2550062
60272	1827225
89170	4028632
13939	89614
74884	2832467
92412	4338011
47276	1085543
15272	106980
91377	4236970
65739	2177101
92119	4310329
64025	2067936
80781	3310713
32035	495540
6073	9542
70243	2481631
93797	4477688
15435	109905
75389	2882004
12788	73189
23186	263376
82995	3495266
64985	2134420
26135	329943
20878	212657
49830	1219028
84361	3617459
87442	3888912
48544	1154576
95727	4672002
42467	875471
24837	302834
83897	3573874
83281	3524129
12294	66479
82991	3494265
67714	2306104
88598	3983154
83016	3497830
33626	550022
33751	553790
48849	1170249
101781	5252406
30840	460690
28840	399572
70610	2510996
96615	4759109
16622	128411
51397	1306874
34562	581928
43881	932261
92688	4360301
73010	2680475
55653	1543572
83073	3504422
97501	4845973
91392	4241344
95079	4603997
49699	1212297
86041	3771943
29610	422951
33871	558526
19564	185502
33782	555674
17482	144555
6706	13652
11986	61774
66357	2220342
60119	1815904
18237	159913
51638	1317702
32980	528347
63438	2029099
58560	1720204
30037	437956
75008	2843950
71731	2595824
40324	783293
85881	3755414
61797	1924107
19869	191069
14760	100599
32275	504866
81183	3341133
6722	13761
84248	3607519
12826	73672
93373	4428277
86050	3773206
94130	4507786
42893	892970
15240	106434
61758	1921022
85976	3764766
71845	2604304
44360	952337
55294	1521308
17427	143550
85046	3676868
49229	1187331
82442	3447021
19762	189022
5252	6143
49509	1201132
43453	915676
48230	1137803
72334	2635197
53279	1401687
82636	3461813
12256	65629
64934	2130111
91250	4224639
98384	4935452
6962	15245
73226	2699489
95792	4678069
35422	609795
75873	2925782
6429	11738
16054	120007
96912	4787396
18623	166000
49585	1205994
81641	3378106
56731	1605620
7830	21352
40970	812921
99121	5000365
34923	591931
14777	100871
62270	1953956
80347	3272659
93747	4470592
66587	2231393
83611	3549908
78262	3111936
95103	4607081
80898	3318780
10284	42060
29418	417796
69778	2451800
7467	18880
28903	401916
53639	1422553
75480	2892344
37100	664409
26275	333061
14021	90868
40433	788284
25119	308869
37166	667109
76551	2982095
95293	4626833
76503	2977909
70462	2497896
35703	619009
56883	1617397
6614	13027
100486	5130948
91762	4280688
95913	4689779
25403	314192
69759	2449729
73619	2730351
91032	4207201
87649	3903415
59340	1768346
74146	2774597
71320	2562925
33134	534541
93645	4459115
44058	938248
86674	3821552
73271	2705591
47623	1102713
62402	1965041
90911	4193361
69314	2419397
100373	5121129
61699	1916057
89943	4108844
51091	1288212
29587	422012
37958	697539
43146	902640
20919	213516
84743	3652641
6025	9337
93855	4484232
53744	1428606
23501	270833
41004	814854
14968	103119
73761	2745308
44067	938890
52120	1342147
12276	65869
17576	145879
81233	3344829
64914	2128141
48257	1139421
16125	121376
91226	4222607
63922	2060095
81960	3405357
92396	4336331
29132	408673
34943	593336
67882	2315264
45028	982696
5972	9189
42901	893569
26786	345594
38680	724620
19314	180949
59713	1792761
58044	1690362
58060	1691415
64120	2072951
29653	425079
95561	4654282
81501	3364910
19056	175574
88129	3942538
6092	9773
68582	2364076
101810	5255949
74666	2815174
100940	5179543
64938	2130902
9579	34454
97145	4809701
53830	1434708
102332	5308660
75609	2903398
5249	6024
10889	48991
19250	179352
53558	1417158
81363	3354288
11508	55550
68360	2347433
48245	1138650
18250	160397
63738	2045149
90168	4132753
9625	34929
102419	5315232
6220	10392
69838	2455319
27816	371716
77117	3023604
60605	1847129
17587	146152
49419	1196426
87491	3892860
59644	1788884
10566	45835
82799	3476993
81160	3338541
16153	121923
27138	354047
34213	572906
40329	783803
39560	753584
57843	1676891
75121	2855062
43403	914186
78603	3140552
90151	4129247
96603	4757545
87143	3863322
80768	3309370
68982	2391095
65182	2145495
57358	1647175
98573	4952873
71703	2593367
18738	168772
82188	3423953
31350	473753
28875	401227
52057	1337888
41101	818044
22382	242748
102410	5313737
74415	2797450
68805	2378005
17319	141217
60378	1834105
7958	22056
81126	3333868
84868	3664027
8042	22910
16148	121714
8231	24153
8634	27686
21336	222163
78996	3171415
76305	2960194
26836	346513
58620	1723161
78054	3096574
98430	4939738
30094	439398
5559	7500
20063	195848
62075	1940292
21104	218654
15496	111149
80646	3298679
42395	871820
99510	5048071
30671	455657
38305	710576
82068	3413991
26099	328952
30961	464719
61419	1894314
41006	815313
59469	1775207
10586	46034
20865	212305
46368	1040667
86202	3786824
83617	3551004
34209	572492
91574	4259000
5706	8212
20487	204641
44195	944748
57526	1656074
96504	4748770
76391	2967386
50305	1242896
73683	2736445
95439	4641621
39228	742478
77062	3020671
75619	2904546
24790	301493
82295	3435059
12411	68683
99112	4998917
83773	3564378
56761	1607619
35341	606960
62041	1938601
5128	5408
12338	67501
83991	3581266
73717	2739201
78344	3121507
93259	4416294
95846	4683603
55034	1502459
26087	328528
53264	1400756
48691	1164483
55461	1532083
57581	1658239
69568	2436692
23498	270556
79259	3191553
35234	603318
7669	20234
86510	3808221
28023	377926
102466	5321801
55273	1518493
20201	199060
25871	323696
25488	315765
102253	5295304
55139	1511462
8497	26698
55320	1524835
74069	2768723
28609	392555
80213	3261539
46566	1050789
64358	2091703
79308	3195123
94361	4531208
75913	2929630
39584	754849
93647	4460155
46759	1058949
83416	3537423
97432	4837639
77044	3019192
35729	619822
36654	649700
12200	64940
64980	2133598
17700	148372
29204	411765
83420	3538432
26481	338932
72563	2653788
78252	3110747
75481	2893142
26555	340970
8106	23355
6286	10780
9490	33927
67752	2309458
73170	2693732
67749	2308669
41106	818565
51643	1318349
30932	463968
33885	559798
56154	1572818
84293	3612845
45033	983258
51088	1287621
94647	4562095
6688	13468
84587	3638230
24738	300359
47927	1118971
14442	96461
73739	2741512
86100	3777137
19282	180049
56812	1610779
81675	3381981
72360	2638326
62181	1947382
79623	3215048
31875	491114
37096	663958
75061	2848991
76218	2952202
44115	940805
50279	1241743
43486	917249
33066	531755
5497	6926
69696	2446817
34955	593899
6525	12352
12530	70138
50422	1250900
67535	2291818
42547	878853
87975	3929438
50324	1244383
57965	1684541
78353	3123446
62811	1989339
30864	461676
28085	380196
83218	3515578
78770	3153590
66848	2250265
56720	1604733
88976	4012697
66917	2254610
36409	642028
95137	4610644
93560	4449403
9276	32452
29594	422419
94817	4576034
53905	1438897
69568	2437392
79731	3225845
14158	93077
40890	808021
97216	4816152
55193	1514617
94151	4509736
53747	1429231
26346	335853
7981	22296
76257	2956023
81147	3337189
57872	1678904
77684	3066997
82877	3482780
35923	626860
7123	16613
44346	951587
89076	4020787
89310	4043053
5482	6847
12427	69038
90758	4180824
36694	651535
88492	3974816
48048	1125704
79502	3208554
84394	3622276
57582	1658849
14073	91793
55082	1506554
39725	759147
89648	4080025
25334	312554
97729	4873059
33923	560769
79695	3221166
42029	855317
30233	443278
67160	2269593
89358	4049724
60082	1814181
64252	2082405
76126	2945557
61428	1895835
49457	1198358
33733	553149
94227	4516232
32795	522712
13846	88278
77015	3014957
41761	843923
7847	21486
98141	4909434
62942	1998582
26016	327105
33808	556450
81599	3373903
36684	650979
27365	360095
18838	170850
42116	859225
47950	1120484
95546	4652588
43154	903685
59403	1771429
85724	3739901
98933	4985904
98656	4959028
6745	13887
59722	1793637
27187	355800
62135	1944054
63384	2025443
73310	2708516
76828	3000660
85661	3732827
21880	232562
79338	3197132
95101	4606022
87721	3909266
89453	4060336
32769	521628
77377	3041593
23377	267237
41589	838336
20350	201796
17833	150791
56785	1608869
13761	86861
37834	692964
60735	1854766
102115	5284038
72023	2615865
50099	1231702
42423	874128
12915	74859
16059	120216
77888	3081336
71340	2565811
35068	596172
85928	3760060
22151	238188
101752	5249883
46647	1055938
69902	2460399
35076	596669
59568	1782986
8236	24260
15678	114428
5236	5949
47845	1114146
93553	4448131
44731	968035
83942	3578334
18851	171360
18189	158922
64661	2113317
97565	4855055
98679	4963170
54996	1499754
53468	1412060
50578	1259389
47794	1110544
97799	4880488
48943	1174489
92755	4370919
32111	498687
13361	81678
27704	369363
101359	5212252
6658	13257
53449	1410483
8248	24656
62954	1999602
24890	303999
61566	1905081
72605	2656791
61243	1882689
10476	44430
99585	5058891
7099	16089
89913	4104761
75007	2843159
70466	2498754
82942	3488855
98130	4907891
13149	78161
10772	47655
20527	205900
50306	1243432
100352	5119045
38393	714163
10484	44688
68891	2385849
39955	769220
97549	4852296
75814	2921208
18071	156192
44009	936756
53884	1437242
85199	3689497
6120	9951
40129	775015
94903	4586878
89220	4035383
75530	2897315
23563	272768
95335	4633675
70708	2519492
85159	3683469
92148	4313544
87367	3883814
101659	5236900
22747	252085
62669	1982308
61211	1880462
100408	5124938
16358	124839
60468	1838676
46575	1051469
22298	241152
21905	233284
53200	1396910
34080	567890
30658	454843
13387	82249
52084	1339641
73734	2740580
96407	4737198
69889	2459231
68097	2328086
100495	5133431
57172	1634322
84742	3651741
22870	255796
9610	34773
80098	3250391
46582	1052099
24515	294371
63071	2007145
83257	3519753
98458	4944122
25994	326562
40223	780109
90069	4121853
37864	694657
63806	2051842
90716	4175230
43793	929951
5613	7827
92769	4372511
99575	5056374
71085	2545148
59318	1765886
20420	203125
80241	3264294
63408	2026855
9641	35191
55534	1536342
7749	21046
55087	1507809
25133	309550
92276	4327904
41555	836803
95299	4629051
68199	2335713
46463	1045634
102598	5336927
76394	2968276
17279	140350
12755	72731
30910	462683
64112	2072040
99212	5012956
94567	4551576
98353	4931918
22867	255529
73821	2750518
62491	1970363
24023	283286
84758	3654147
88149	3945208
100516	5136534
34574	582834
39979	770898
76541	2980932
27896	374493
22830	254407
18760	169359
87100	3858776
93323	4421199
18021	154443
46454	1044955
53603	1421058
49265	1189194
22455	244455
35379	607969
11018	50494
55048	1503960
100921	5177553
81308	3349562
70268	2483932
21856	231628
99382	5031560
24559	295404
56194	1574506
74900	2834583
13622	85547
77025	3017673
62504	1973307
27489	363132
14123	92266
48793	1168408
50917	1277115
20663	208325
91026	4206004
67088	2263767
98264	4923496
57708	1670639
9291	32605
82338	3440180
91680	4274088
24324	289328
48376	1146162
42400	872790
14196	93624
9018	30079
33085	532735
19838	190363
44768	970657
43708	925492
72448	2644452
93365	4424134
58392	1711131
60998	1868365
17566	145428
51843	1327132
85187	3688115
81510	3366107
12572	70900
102537	5330651
71458	2575114
29154	409575
78191	3106744
11978	61472
90458	4156982
91069	4210752
65924	2191880
52025	1336015
73764	2746160
97600	4860731
86172	3783766
60178	1820729
59626	1785931
55485	1533870
32430	509623
23060	259813
84286	3610845
38990	733996
15896	117999
58290	1706380
58512	1717021
66273	2216193
15291	107276
67369	2280741
5837	8919
11915	59769
83351	3532987
40036	772404
26433	337504
71338	2565016
63563	2034384
82208	3425617
85449	3711524
63158	2013751
93427	4434605
49788	1217498
53362	1406572
50351	1246591
99409	5037931
32174	501640
46397	1042253
8325	25353
75233	2866910
55017	1500883
37968	698112
8267	24898
50038	1227663
60031	1811419
96192	4716968
82706	3468080
51702	1321428
46614	1054251
28145	381870
75065	2849904
96581	4754509
63770	2048115
95991	4698425
18277	161016
14008	90490
51115	1289336
84594	3641094
59417	1772451
77863	3079558
91632	4266311
42708	885648
93643	4458076
30505	450702
60614	1848629
90349	4148324
32583	515353
86150	3781070
31646	483390
55286	1519968
66705	2239377
59790	1796887
18845	171111
51958	1333763
70840	2527776
37843	693890
27452	362365
83452	3540627
7516	19172
17121	137994
68494	2357587
12971	75725
52773	1376075
92801	4377759
50129	1233970
64279	2085238
73582	2723773
75370	2880517
6389	11453
99501	5045611
96536	4751320
85399	3705909
18766	169800
52545	1362677
28760	397277
48094	1130203
97720	4871622
81394	3358029
23265	265239
94127	4506698
102094	5279863
71678	2591738
90968	4197830
76416	2969901
81855	3397700
32592	516169
7860	21612
21143	219279
82471	3449904
32239	503641
20857	212013
38739	726507
95981	4696966
11215	52837
46536	1049170
48462	1150655
32889	525549
90824	4186610
40405	786923
46792	1060172
81090	3331569
55104	1509392
100773	5161848
23873	279553
42345	869933
16116	121142
55072	1505724
64973	2132707
20444	203579
27493	363467
84464	3628687
86925	3844007
53899	1438190
10179	40975
67451	2286249
87173	3866407
35965	627961
92694	4361514
98803	4973380
46080	1029049
93819	4479679
34089	568392
37836	693381
61381	1891895
32643	518634
84021	3585093
90784	4182940
34350	576257
62163	1946188
96263	4722383
14537	98009
71527	2579041
80260	3265880
59077	1747952
37488	680899
32232	503201
73698	2737749
62153	1945250
50677	1265454
70987	2538773
87520	3895908
14038	91269
13293	80423
78304	3117543
18047	155427
98711	4965769
65042	2137605
47733	1108158
101714	5245873
48181	1134690
99901	5079963
49589	1206597
69136	2404795
98503	4948360
53682	1425873
85386	3704487
67586	2296284
48396	1148106
90677	4172523
53400	1408110
52992	1386088
59338	1767686
91638	4267512
45777	1013446
40501	791685
96624	4761491
5810	8750
31035	466148
57468	1652079
90134	4126646
35495	612505
56833	1611949
29730	428309
28112	380846
47672	1105767
37698	686640
31405	476189
75439	2888488
69147	2406576
22237	239572
33372	541782
8449	26094
46906	1067058
15545	112311
92883	4382567
19983	193816
57414	1649363
34019	565129
66279	2217062
53130	1393998
33442	544624
86717	3825204
29271	413308
24482	292968
19644	186875
42399	872336
74202	2779693
69264	2415544
10737	47152
54431	1462286
26927	348802
8400	25764
48991	1176139
75441	2889328
76361	2964681
80382	3276521
55428	1530053
68241	2338527
79474	3206625
85783	3745074
97490	4844442
10363	43061
58416	1713015
13277	79906
64151	2075247
40168	776590
57970	1685271
91807	4284641
78855	3160980
46954	1070531
66653	2235618
49720	1213820
36840	655996
53661	1423681
100332	5117019
30041	438319
78193	3107608
5155	5612
78461	3130920
77180	3027633
19839	190575
56632	1599942
49392	1194765
41830	846592
71860	2606307
17710	148641
11097	51451
14037	91116
50865	1274265
50537	1256828
97470	4842469
42165	861945
40143	775696
90139	4127788
10259	41848
78385	3127099
80724	3305127
95234	4620135
61627	1910709
25398	313866
7428	18624
90058	4120443
16384	125380
66138	2207670
33974	563001
21779	230143
43722	926229
22584	247479
51002	1281833
95006	4597586
56669	1601563
12178	64569
15578	113035
92899	4384257
73029	2682649
61618	1909807
61640	1911739
85324	3700083
9815	36770
45781	1014001
64819	2121744
76108	2942551
62557	1975610
61991	1936412
10321	42548
100819	5166234
6101	9857
35765	620813
85518	3716243
58313	1707639
86864	3839557
99330	5026928
82489	3451488
48523	1153580
72198	2626595
90848	4189543
9654	35447
33241	537962
69913	2461489
89828	4095448
34915	591435
70499	2502057
102278	5300708
102280	5302872
97677	4867509
80226	3262878
13246	79438
11861	59240
88328	3959457
38076	701659
7304	17839
15241	106599
82918	3486175
40206	778956
80204	3259555
48739	1166619
54891	1492427
65946	2193946
46183	1033701
47637	1103517
8890	29275
101731	5247774
76236	2954439
100857	5170209
22681	249013
98186	4914651
86192	3785514
21925	233946
17726	149143
7014	15512
9484	33800
82211	3426572
37830	692506
26153	330704
97237	4818168
74713	2819958
59269	1763227
66723	2240657
9236	32120
67550	2293014
37808	691717
85831	3749770
101685	5241307
31922	492494
30141	440696
6957	15090
73847	2754469
99571	5055169
13844	88119
87236	3870963
90785	4183899
97571	4856337
89469	4061965
58007	1686935
39581	754390
44981	981216
70307	2487430
93507	4445001
51537	1312000
50065	1230358
61537	1902313
6691	13544
91899	4293568
102318	5306904
84833	3659095
29780	430243
74179	2778085
17118	137795
29734	428666
41555	836382
21280	221364
23792	278119
24716	299330
57467	1651468
29259	412842
28844	399919
51560	1314148
94320	4527335
74843	2829398
74149	2775458
66626	2233370
16730	130826
84292	3611949
77946	3087567
63007	2003829
56125	1571437
37956	697115
72457	2646243
41117	819202
40364	784897
41729	842425
96424	4739007
8336	25480
48266	1140620
75751	2916495
80027	3246702
89355	4047784
78301	3115848
6666	13348
10475	44311
42338	868926
63969	2064191
97043	4800732
69393	2424948
92156	4314848
48445	1149756
95711	4668329
75304	2874943
45080	985653
40794	804883
20929	214049
45606	1005958
35821	622516
30617	452988
13280	80059
40818	805772
59265	1762511
53594	1419734
17066	136839
12734	72479
24617	296865
43163	904750
5254	6203
79527	3210365
90278	4143252
91204	4220665
96084	4704905
16882	133251
32066	496674
38613	722182
95731	4673163
60503	1840962
51166	1292701
36953	659147
40909	809645
47003	1073556
57260	1641464
84238	3605394
6322	11118
6287	10848
95719	4669688
8979	29857
81312	3350542
94477	4544394
7101	16170
97737	4874444
86756	3829547
60654	1850463
54501	1467470
23220	264249
27046	350907
63603	2036952
58528	1718674
77912	3083857
96150	4711039
57908	1681710
75197	2862508
41849	849102
12253	65481
53072	1390326
94939	4591482
52959	1384684
27661	367380
50164	1236356
88420	3969809
101088	5194253
94869	4581409
81512	3367012
5522	7081
55254	1517414
5543	7296
20147	197700
69681	2444880
46028	1025555
20930	214271
72449	2645219
61944	1933686
19015	174612
16517	127424
57025	1623754
26764	345037
102583	5335113
39533	752670
69964	2464702
55883	1560144
102097	5281049
46351	1039811
22792	253280
41012	815852
17308	140766
101705	5244382
95005	4596585
91403	4242780
94558	4550194
85459	3712819
6608	12943
12291	66337
53235	1399451
69529	2433926
78834	3158542
100023	5089180
96820	4776995
9712	35760
73118	2690349
43615	922639
40680	799736
73085	2687654
27297	358086
93030	4394194
78371	3124958
82533	3454165
63779	2049685
42555	879450
85762	3743292
33391	542431
31457	478589
44900	977626
76321	2962359
102060	5276050
94673	4564304
71309	2561093
33466	545355
44006	936250
11307	53625
37735	689235
23669	275699
99147	5003678
92235	4324119
8769	28597
34156	571252
92273	4326833
96924	4788968
62870	1992474
84819	3657632
79786	3232898
20064	196061
93899	4489166
31406	476525
61372	1890995
37357	674707
96336	4731775
39279	743844
18276	160819
10862	48521
11912	59625
55564	1537732
101633	5234538
48157	1132659
58025	1688049
95651	4664442
6274	10692
7566	19624
29338	415160
72644	2660418
32511	512217
46221	1035017
16408	125730
70487	2500922
18647	166795
88652	3988263
71397	2569306
16856	132523
48045	1125145
82608	3458969
57255	1640746
6843	14470
90998	4201964
59130	1751912
41487	832066
84894	3667723
10843	48319
32032	495163
32163	500811
66905	2253534
64671	2114295
27579	365730
89847	4099036
50653	1263306
24804	302174
23452	269309
99026	4991587
77801	3073969
6626	13120
18798	170289
71212	2553294
95531	4650900
90928	4195065
29789	430679
54649	1477536
53453	1411127
7266	17589
102117	5285166
16627	128970
97913	4888147
89683	4083421
10555	45672
11828	58827
31286	472143
38038	700182
45148	989898
60252	1826007
48380	1146751
16065	120427
51743	1324049
88777	3995672
34664	584701
67136	2267426
23967	281147
90981	4199346
12733	72334
9713	35864
27503	363878
6464	11944
16420	125992
75176	2859431
6216	10317
96085	4705921
18762	169574
72489	2649615
68551	2360932
87843	3919122
84861	3662874
99196	5011149
82228	3428114
97360	4829168
55634	1540804
32619	517924
98040	4898449
92321	4331882
82882	3483830
50116	1232632
42613	881942
57191	1636600
86283	3791252
65563	2167296
84365	3618477
76772	2996916
102622	5340241
83219	3516464
90173	4133895
76153	2948141
45998	1024415
26288	333495
25733	320917
102067	5277443
46075	1028467
52625	1368480
44786	971955
96168	4713852
101393	5215024
32368	506990
61606	1908186
60162	1819635
97789	4879004
27091	352317
36518	645438
45074	984607
48258	1139937
74448	2800950
80205	3260401
53824	1434007
49295	1190914
98270	4925777
20979	215637
89089	4022273
44237	946545
51929	1331961
55649	1542902
89406	4053706
28686	395081
66256	2214959
44748	968854
37287	671930
11191	52246
48647	1161957
50991	1280520
24496	293895
96850	4780422
39883	766623
7239	17445
89055	4018946
23766	277069
78062	3097683
67303	2275786
85311	3698657
44449	956507
85569	3723634
67315	2276875
31396	475413
74083	2769998
82288	3433938
53144	1394904
5515	7006
98448	4942625
46240	1035909
42838	890520
19522	184298
49688	1211028
14017	90693
67486	2289477
44819	973128
82286	3433022
30623	453386
55462	1532668
60577	1845057
93369	4427149
50658	1263947
21501	225206
41972	853734
76718	2993261
58717	1730175
84219	3602876
72388	2641534
29041	406505
87015	3852388
94304	4525618
73604	2727567
50163	1235826
33723	552643
31974	493619
49727	1214499
46831	1062968
89208	4033937
23551	272383
39468	749827
48635	1160686
20177	198404
14127	92441
40376	785539
54618	1475037
70182	2478062
23951	280714
74121	2772912
60002	1808117
92147	4312565
56084	1569155
32715	520438
81434	3360502
65884	2188556
54118	1449492
20084	196874
55952	1563201
17195	139129
29096	407874
48911	1173220
13519	84050
101275	5205897
85409	3708065
32270	504457
87444	3889885
73777	2747390
20490	204880
44615	962806
91321	4232526
44654	965014
74594	2810960
95186	4616847
32930	526873
92726	4365825
11196	52504
98072	4902026
95324	4632183
58180	1699031
101447	5218823
97769	4877026
13415	82701
30343	447061
61276	1884938
54562	1472423
68338	2345296
32093	497749
69655	2442557
53308	1402991
24736	300080
46422	1043761
21672	228342
58973	1743679
102228	5292977
30486	450108
69084	2399500
48469	1151313
41871	850829
95145	4612945
96300	4727099
15857	117213
102165	5288682
97157	4811271
39455	749179
98324	4929478
13836	87921
29657	425439
99269	5021846
86078	3775301
33946	561493
43333	911395
42262	865649
47615	1102047
38507	717852
32489	511542
59192	1757950
39879	766143
65991	2196773
22041	235866
43195	905860
72692	2665118
27361	359766
52666	1371152
98145	4910627
27401	361128
85847	3751334
9875	37419
83166	3511701
6447	11838
27168	355000
18937	172922
8239	24359
36399	641108
16754	131366
10232	41413
46059	1027645
14585	98490
51041	1284883
93796	4476700
88636	3986650
15525	111838
35262	604523
15888	117609
33819	556975
89500	4065172
33772	554825
72288	2632058
8470	26340
89356	4048733
71429	2572623
45733	1011535
88256	3953555
54560	1471819
29695	427196
93864	4486547
40556	793996
37153	666498
15420	109314
98927	4984607
64764	2119293
9770	36391
33522	546959
13087	77230
12782	73015
22511	245750
54895	1493092
6397	11540
45338	995442
44761	970047
12154	64312
27858	372845
11586	56534
46634	1055174
63824	2053066
23080	260513
67374	2281590
37039	662187
18705	167897
6090	9701
95407	4639099
15401	109021
71837	2603284
78719	3149959
78086	3099422
83324	3530158
17637	147295
22728	251176
23626	274469
32594	516532
91593	4262648
20384	202554
40585	796219
39967	769855
71541	2581714
89637	4078621
23603	273723
101990	5269351
89918	4105892
25630	318313
13300	80746
21070	217873
100772	5160780
64453	2101954
57158	1633347
28222	383488
56357	1583628
13281	80206
67981	2321385
45077	985129
44312	949962
17889	152199
39521	751639
65223	2148818
65407	2157520
83680	3557889
59876	1801289
75698	2910634
97512	4847499
16969	134652
13970	89955
32610	517450
73664	2734250
68420	2352269
97350	4827691
85279	3694690
29613	423292
84716	3649764
80387	3277537
58214	1701792
41563	837387
75874	2926590
101946	5266051
15702	114765
73616	2729499
57646	1665346
93843	4481766
93228	4413890
79204	3185341
13162	78655
73334	2710146
98103	4905557
27758	370653
92195	4319462
13341	81277
61423	1895063
73596	2725785
56511	1593670
15311	107740
10465	44159
71606	2586239
93402	4431534
96139	4709531
62290	1956470
92315	4330666
66145	2208576
76487	2976517
62312	1957788
80608	3294680
50042	1228269
37486	680478
42341	869416
6940	14979
66027	2199970
72486	2648038
36406	641603
80995	3324397
84126	3595500
88448	3971953
93105	4404309
15742	115226
41324	826693
50495	1254754
10166	40707
94908	4588071
84385	3621040
94159	4511070
12853	74233
55204	1515480
7528	19364
54398	1459756
32098	498153
21415	223420
96453	4743347
8477	26451
24728	299730
10052	39373
43732	926884
83047	3500806
44244	947148
10463	44036
97019	4796604
47067	1076926
52343	1353199
99484	5043743
93848	4482953
89286	4040164
97040	4799603
9947	38118
14339	95170
32057	496205
48073	1128732
41839	847623
93206	4411908
41780	845151
81175	3339981
51059	1286375
18927	172631
39799	762982
12352	67836
32697	519821
8317	25235
5582	7597
48882	1172027
75413	2884443
65950	2194746
79769	3230606
17362	142292
50804	1270685
75593	2902021
81129	3334814
53681	1425304
102427	5316683
64147	2074471
70657	2515524
15473	110662
57220	1639163
43120	901660
56687	1602646
97927	4890826
91575	4259967
68779	2376409
100213	5108936
58675	1727152
19435	183280
102279	5301794
81386	3356057
100298	5114275
10242	41560
19717	188186
75078	2851154
57953	1683605
18973	173640
54587	1473651
96801	4774113
11184	52090
89905	4103490
56211	1577260
45104	987558
64376	2094234
54031	1445526
32401	508498
19918	191956
55036	1503071
7231	17349
17338	141914
35575	615339
79252	3190474
92629	4353791
6799	14146
49970	1223975
85561	3722428
55654	1544167
86847	3837055
59140	1753405
86364	3798300
52328	1351754
29864	432993
6490	12143
91183	4217859
94467	4542960
15589	113447
11983	61627
69568	2435992
97120	4806504
17569	145640
21187	219950
47850	1115225
75285	2871929
34361	577139
73040	2684534
68423	2353757
48608	1159546
30914	463058
55709	1547389
10802	48019
93957	4494772
32521	513041
26292	333818
19560	185258
11967	61165
57887	1680516
93394	4430215
91082	4212266
6381	11370
81575	3372085
45127	988975
69268	2416385
88925	4007711
26578	341542
30651	454424
64313	2087640
59299	1764721
93436	4435975
74388	2794183
57493	1653377
94590	4556498
37712	687276
21776	229884
100487	5132007
8723	28256
17678	147822
48335	1144215
64360	2093066
69123	2402947
98260	4922306
55806	1556867
59091	1748961
89563	4069839
62357	1961092
27110	353399
74553	2807157
37305	672632
26445	337930
91438	4246244
42742	886784
75205	2863569
62964	2001186
75712	2912708
55751	1551946
80153	3253431
78373	3125828
12099	63379
75350	2878226
69860	2456802
62819	1990223
38020	699460
10960	49885
17808	150391
17208	139415
30752	458756
100196	5107064
8581	27238
9735	36050
43082	899542
14806	101220
88383	3965488
57199	1637404
24958	305599
89810	4092824
70350	2491079
9044	30268
44724	967434
46148	1031509
39527	752153
87983	3930680
47110	1079345
32468	510877
73246	2703190
65401	2156662
84401	3623430
58676	1727774
22365	242336
91978	4300036
85011	3674496
90428	4153778
102607	5338432
36253	636685
23133	262299
11475	55146
102455	5319170
66676	2237731
30194	442088
30231	442937
17719	148900
42422	873679
71848	2605143
57814	1675461
78802	3156461
6050	9442
21937	234298
67149	2268540
30858	461273
12615	71271
12142	64123
41430	829662
96284	4725347
13356	81511
90393	4151257
59493	1778332
45637	1007101
92199	4320575
10035	39204
15541	112119
81033	3327590
38331	711448
43081	899079
58149	1696358
23417	268426
88379	3964415
83097	3507112
10865	48654
98915	4983002
88562	3978855
101695	5242843
16673	129679
48093	1129688
14699	99720
19376	182124
35115	598414
50154	1235095
44908	978260
64393	2096741
20365	202155
9959	38376
102627	5341537
33042	531031
67064	2262280
49051	1178573
78754	3152158
89418	4055153
11192	52366
97445	4839264
end data 
