##
##EDUK source data file build with formula: hi; seed: 594914841; wmin: 5000; wmax: 105000; pmin: 5000; pmax: 505000; c: 3897377; n: 5000; interest: 1; step: 50

n: 5000

c: 3897377                              

begin data 
102132	5284135
97873	4841052
52900	1392168
62426	1929649
79992	3199508
27527	366670
23626	268638
6830	15240
17235	135334
8150	25177
36859	670592
67984	2306853
10416	44464
38751	742132
32012	500131
23392	263088
91644	4225533
16179	118613
45009	995533
73289	2697047
13326	78185
57031	1615785
46150	1048408
95568	4604817
19291	175091
58871	1714983
86239	3746834
93220	4368677
50960	1296704
33407	548907
57312	1630136
97213	4770237
78682	3103473
8798	29935
101092	5167206
74427	2782484
61474	1871021
22799	249603
23300	260364
85526	3676182
41909	866516
101675	5226697
75345	2854003
16165	118343
42752	901331
37891	710613
9027	31792
60082	1788545
8094	24829
82357	3397940
20408	199417
58394	1692231
99917	5037750
15591	110397
51237	1309965
7268	18211
57067	1617379
18187	153023
70059	2457205
86173	3737874
32677	524199
68689	2357833
63748	2014379
42399	886989
86076	3727584
7332	18934
34697	592041
50677	1282826
12136	61196
5865	9369
49375	1212326
88086	3906121
14937	99065
18204	153358
40225	794090
5511	7200
102335	5309077
95960	4648863
36873	671227
27924	379960
10392	44035
81837	3350879
81351	3304705
43177	919056
76425	2935785
34048	568827
9528	35727
82839	3443730
46781	1080770
91214	4187318
16762	128309
10618	46332
67467	2272273
69583	2421524
31165	475755
24436	285627
40943	826578
14758	95551
85271	3654043
73002	2676899
100286	5067465
23688	270076
14310	89671
75794	2884765
75710	2878520
52211	1359220
35953	640556
102458	5325790
92013	4260159
101971	5263477
40528	806663
26523	338089
46623	1072865
47375	1114200
45230	1006371
33138	540417
21040	212983
71335	2546631
15509	108854
44562	974794
30328	451780
57878	1662632
32284	509000
7877	23209
91843	4245804
89897	4071587
100208	5061512
60595	1821602
67501	2274789
18056	150045
35335	616237
82960	3453793
75843	2889696
87368	3841677
83374	3490387
45750	1031883
75919	2895662
6346	12036
32126	503217
71518	2558935
28275	391968
91134	4179969
95245	4576795
88205	3919394
98651	4914303
5005	5085
31111	474292
63317	1982181
15526	109131
13759	83768
29064	412432
91546	4215482
81234	3297499
32744	526284
83300	3483088
26829	345571
16046	116798
27460	364086
102034	5272900
64319	2057102
19896	187387
56915	1606159
8797	29841
76092	2910716
86433	3760485
16501	124253
27524	366068
96382	4688718
83886	3532131
13421	79019
82096	3374740
94833	4533132
87331	3837412
8044	24494
41351	841941
19218	173828
70190	2466058
25607	314569
28476	397084
17542	140486
89373	4020823
81132	3290089
5789	8657
32412	512343
54814	1495797
55897	1554220
49784	1232951
5111	5541
48690	1179216
69104	2394396
27369	360932
87805	3880382
47737	1130456
47800	1133881
91519	4212392
49417	1214854
5490	7109
28609	400409
54322	1466982
78817	3111974
79243	3141563
35807	635034
55780	1547015
26366	333379
31967	499102
79920	3194216
36945	674047
7788	22438
18133	151446
38543	736193
98908	4942054
32583	519368
20952	211014
7505	19960
25922	322434
57340	1632086
17098	133019
88788	3964987
101152	5171291
101475	5208234
47814	1136158
20588	203511
51477	1322352
10906	48874
84602	3589565
98247	4876382
40924	825775
81721	3340345
48768	1182100
76288	2925135
46028	1043770
46228	1052059
57483	1637906
23132	256825
22181	235988
44037	954366
40571	807935
20820	208179
91771	4238778
70134	2461252
23862	273037
23724	270967
27698	372643
41393	844479
47104	1099225
61374	1865491
93849	4427484
81881	3355159
5808	8888
100750	5122350
59885	1777222
61546	1876325
38553	736776
23149	257488
72518	2639385
65345	2134154
65047	2111274
93261	4371541
96774	4727251
98436	4897639
51700	1332797
45587	1024045
85899	3710409
70611	2497957
63583	2002735
93962	4440379
32028	500705
72359	2627748
6517	13363
12734	69903
21583	222741
19993	189966
56939	1607987
75670	2876236
26743	343637
63834	2020960
43957	952190
58784	1710076
82870	3447530
101933	5259460
44641	979230
25850	320739
13684	83022
90318	4107933
71934	2591961
63400	1991837
38146	719275
69594	2422610
89895	4070589
21788	227780
14070	86986
61901	1900927
65537	2145050
23927	274526
97619	4812772
64858	2097939
80477	3237565
47001	1093475
19647	182601
36759	667281
82805	3440640
13015	74457
30070	441475
101687	5230379
37553	697770
15651	111476
86748	3786441
85012	3627533
12938	72793
90936	4162626
89628	4049475
68252	2323531
52350	1364436
52115	1353021
66909	2232515
14920	98637
11902	58403
41716	857843
73854	2742418
75131	2838323
69159	2397693
46691	1076320
61973	1905022
10629	46497
9542	35877
79801	3187850
22693	247278
89421	4025682
64423	2066943
15613	110882
56659	1592623
26834	345910
82338	3395491
22626	245852
43662	938707
46788	1081405
35548	624299
32124	502860
28062	385565
84206	3558344
9966	39166
46480	1064872
63422	1993818
26269	330531
11562	55497
27338	359962
41911	866983
11314	52870
26349	332623
39096	754702
27293	358814
27414	362364
53133	1406369
22408	240933
17349	137677
84150	3553431
62230	1916678
48238	1158486
41443	846768
51897	1343665
70061	2457979
28440	396002
16606	126075
53670	1433604
78181	3068721
79681	3179043
42634	895796
14476	92362
15027	100763
101526	5213924
76708	2960596
61163	1852891
83936	3535936
98718	4923608
96883	4742334
77620	3027912
85129	3639379
83864	3529512
43759	944783
93768	4420832
50973	1298579
60490	1812333
27152	354460
25266	306489
86227	3745445
51584	1326674
12259	62592
64569	2076841
97777	4833346
13664	82755
76486	2939672
18968	168240
32617	521244
5679	8110
17287	136647
62275	1920583
22448	242524
13723	83406
18761	165041
15083	102081
97259	4777394
69901	2445308
79286	3145658
19000	168724
34922	601201
35724	631750
68273	2324933
14209	88595
40230	794599
56799	1600586
56736	1596514
72567	2643355
55755	1544632
15984	116010
28960	409188
42184	879056
98187	4870444
25721	317541
88095	3908298
38467	732775
39260	761457
32827	529965
41927	867736
57525	1642012
45832	1035594
102011	5269652
82300	3390601
40607	810309
42104	876105
42650	896569
31647	490226
27429	363398
13486	79547
22581	244666
59661	1763331
85525	3675275
91015	4168999
17058	132352
41590	851879
5422	6714
85180	3647560
65654	2153506
46247	1055307
63091	1968079
77380	3009967
76466	2938136
87843	3884721
60162	1793365
44919	992170
24955	298098
94657	4510405
85739	3699174
87835	3883481
13306	77790
82986	3455712
15824	114020
73470	2714817
5811	8962
34878	598315
72501	2638038
40502	805736
54270	1464475
15032	100954
91511	4211105
64066	2039309
38184	720766
82737	3436147
55339	1523030
38875	745695
68508	2341251
47375	1113716
58766	1708958
86833	3791899
18932	167531
95093	4561821
42723	899848
37863	708940
62417	1928742
92799	4333028
15125	102681
20161	194072
73133	2686134
19119	171753
70204	2468677
5670	7974
30118	442795
82258	3386382
6649	14237
79640	3175798
63382	1988062
7673	21346
12205	62059
61028	1846952
92716	4321688
14761	95726
18138	151680
11931	58668
66049	2177152
53976	1450523
75075	2833174
20656	204617
41322	840930
74606	2795181
91218	4188417
18573	160120
86459	3765980
53659	1432768
73284	2696123
94670	4512935
46283	1057064
23618	268060
10097	40537
63872	2023453
72550	2642007
12777	70412
34632	589881
34166	572538
26808	345028
71973	2597003
94646	4507976
59982	1783742
96324	4680080
76689	2958312
35988	641912
12254	62436
11115	50641
23866	273329
95823	4630629
51749	1336170
96856	4738084
69071	2389761
75745	2882140
98414	4894568
11407	53900
97370	4785783
68563	2347272
19884	187070
86646	3779367
69835	2441594
34239	574817
40759	817057
48794	1183230
95753	4620485
27839	377090
32131	503621
25051	300276
82281	3388155
47228	1105474
20321	197514
65234	2125248
93659	4410976
55824	1550495
55740	1543091
78709	3105330
58008	1672233
84181	3555590
17291	136859
37652	701921
47601	1125295
47448	1117354
16641	126514
28436	395658
53802	1440403
72246	2619259
100746	5121134
35788	633973
49960	1243392
29880	435644
49839	1235333
60296	1802867
32871	531686
27069	352549
60669	1825052
60686	1826182
20144	193283
81799	3347670
65823	2165040
97658	4817641
12409	64688
53530	1424997
79637	3174872
64039	2037801
13630	81976
52242	1360557
16965	131100
79999	3200595
27935	380396
75570	2868620
30133	443632
24806	294292
20713	205824
94980	4548762
70613	2499452
6598	13904
43668	939280
99702	5017862
34496	584048
68451	2337234
75943	2897342
84023	3543834
20071	191542
98098	4861096
62998	1961988
21145	214708
26416	335096
31003	471371
22822	250560
45281	1008885
43816	947795
81880	3354293
80133	3213235
12697	69295
96201	4668296
20432	199860
79975	3198026
5833	9060
73413	2707536
26737	343013
44599	976503
100886	5142473
18549	159720
37263	686677
29350	421007
15762	113084
100998	5156311
10397	44166
43564	934835
22321	238619
30395	453399
81695	3335160
45633	1026928
24275	282257
47116	1100462
46986	1092649
42786	903787
44066	955883
26345	332300
25167	303992
44734	983550
36211	648115
6556	13666
6370	12219
47363	1112951
8766	29638
6520	13444
98291	4883508
85478	3670666
18726	164146
51642	1329729
96533	4702860
62525	1935237
69543	2419431
75800	2885763
64671	2084045
63774	2016487
68371	2331043
85804	3702839
12344	63554
57522	1641345
80639	3252222
19403	177106
71200	2540371
84813	3606219
75115	2836201
44737	984073
29851	434915
29197	416123
51371	1316509
75969	2899868
41132	834143
32619	521609
17769	144895
73369	2702953
32533	517911
86379	3756399
10003	39627
8515	28048
72085	2606862
16583	125559
26397	334584
10073	40331
34421	582070
53763	1438270
61661	1885454
23375	261927
49900	1238368
80011	3202690
27565	368592
35316	615543
12370	64223
88039	3902258
77923	3050724
38406	729653
11111	50503
57527	1642647
27643	370480
58512	1698020
66359	2199439
29093	413144
37502	694520
100593	5102228
16260	120051
30294	449104
87441	3848418
10358	43784
30839	466674
31755	493199
11435	54151
37811	707196
74603	2794316
25307	307773
47531	1122193
89761	4059095
26476	336671
27942	381055
60913	1841011
10196	41586
40811	821002
31335	481229
69093	2392615
65524	2143961
40304	796876
32973	535699
56099	1562673
85119	3638092
92422	4293085
27407	361988
80886	3273591
76007	2902088
56753	1597568
23422	263664
60414	1808835
20532	202112
33969	565420
94315	4472261
41951	869514
29687	430391
50790	1288263
33850	562753
64617	2079697
7829	22722
20657	204840
101701	5232119
32516	517305
26148	328204
86081	3728672
39336	763330
93114	4359008
63648	2009938
32960	535147
27251	357986
30001	439543
39115	755466
9482	35040
59087	1727855
6496	13248
44903	991360
73817	2736576
97143	4761913
17626	142438
28799	405725
49501	1218926
49708	1229055
11460	54516
24473	286569
81147	3291513
99142	4963736
81589	3324245
35835	636263
13608	81559
34026	567415
80237	3220641
29963	438070
7390	19250
6469	12984
43344	924801
71714	2573176
85638	3688777
95711	4615562
35562	625272
68599	2350584
49917	1240297
54564	1479041
27559	368225
55268	1518828
95954	4647603
58000	1671415
26966	349552
34578	588265
51850	1340876
5918	9782
33542	554554
30593	458545
23456	264534
6070	10500
31849	495638
29520	426766
13989	86191
10222	42125
41516	849105
78819	3112850
9508	35447
33477	552116
7422	19498
73958	2750754
56386	1576372
74894	2819548
59795	1772137
46941	1089216
98333	4889545
58106	1676828
100117	5054896
51414	1318650
23715	270624
50458	1268576
29764	432123
41623	853819
55532	1532279
95866	4636576
8418	27370
19166	172768
39078	753961
6345	11968
38466	732364
39578	774076
53657	1432169
71440	2554704
34944	602649
24554	289288
76821	2971158
72597	2645182
12470	65810
23199	258519
100453	5085011
19113	171505
39464	768229
54213	1460734
41355	842445
71405	2551295
9986	39451
5834	9130
50682	1283471
41973	870394
36804	668468
55478	1529662
81305	3302013
88781	3961994
66121	2181529
34746	593591
36338	652244
55338	1522440
35338	616646
5420	6652
60238	1798072
62725	1946500
87001	3808007
26497	337206
100513	5090076
27838	376794
68717	2362951
71956	2594210
9352	34361
11194	51480
67731	2290069
79220	3139855
18725	163945
18644	161887
69964	2449636
53753	1437456
41732	859026
38066	716602
11119	50895
46848	1084211
91712	4231434
72873	2667750
29775	432892
101286	5188334
34498	584433
41698	856630
96813	4731104
46773	1079637
22954	253423
8437	27521
71414	2553055
37011	676760
18336	155235
65414	2137069
35787	633595
30861	467318
31168	476122
72930	2671312
71567	2561410
81806	3348786
61743	1890462
27493	364803
101847	5247837
74009	2756387
7889	23409
55496	1530721
74946	2823778
15134	102905
101391	5199834
49184	1201658
6304	11681
45037	997521
47061	1096306
98703	4920870
59216	1733414
64140	2045547
13064	75011
61355	1863674
92189	4274814
28723	403765
58403	1693086
10456	44965
48254	1159363
78213	3070768
7749	22151
60706	1827398
8561	28481
46298	1057873
56792	1599817
84108	3549961
32215	506591
58366	1690242
7635	20815
22933	252718
66906	2231738
29030	411364
40668	812764
90346	4112843
35891	638723
32781	527888
81717	3339358
52556	1374064
32924	533558
101739	5237152
76842	2973523
39792	780291
35628	627528
10398	44281
77532	3019015
5710	8415
75399	2858327
57640	1649379
49195	1202924
54821	1496543
15260	104556
60753	1830657
86452	3764803
5169	5780
18656	162182
41406	845162
49633	1224183
74639	2798664
75300	2850777
11933	58804
67874	2300390
57021	1614923
25143	303185
71115	2533741
17755	144410
7062	16925
31505	486420
73581	2721143
48004	1146039
69441	2413081
28707	403250
90582	4134540
39949	784590
75819	2887250
45036	997042
100832	5132608
94874	4538908
15527	109304
63386	1989468
59955	1780510
92772	4328962
76662	2954942
88926	3974729
99230	4973143
91761	4236467
86067	3726324
51763	1337054
44835	988952
88619	3949390
53422	1419957
32846	530945
15232	104203
11465	54664
19209	173552
57443	1636182
94031	4451214
100884	5141354
63688	2011841
76387	2932013
28043	384723
17590	141419
53154	1407459
74781	2810017
7900	23615
19012	169027
63972	2029851
83471	3498663
70026	2454634
93709	4415222
24786	293796
16725	127680
82164	3379197
97257	4776318
94029	4450177
89042	3989771
27428	363107
49996	1245808
35692	630100
7646	20926
23439	264096
35525	622806
11888	57962
43701	941321
84662	3593819
22350	239616
98297	4884795
60247	1798955
12427	64911
101856	5249323
51742	1335460
24824	294756
16580	125363
46099	1045846
43178	919514
74619	2796417
68641	2353406
93550	4400169
73836	2739520
36853	670103
25070	301278
89604	4046587
101659	5224852
64480	2072029
39438	766915
63036	1965089
80254	3222129
75119	2837113
25187	304492
8011	24217
48287	1160645
56724	1595601
54651	1485277
18258	154000
101911	5257294
5807	8819
44749	984787
17566	141043
54377	1470106
76304	2926522
27917	379291
9583	36343
72604	2646173
21425	220226
77709	3036862
93934	4436223
80017	3203740
71639	2568318
27815	375351
64876	2099830
30903	469539
50134	1252803
18965	168017
64374	2062119
29534	427274
80529	3242090
27939	380732
35797	634493
100635	5108404
28225	390697
84259	3562282
51222	1308545
44638	978712
63149	1971807
87048	3812706
34046	568445
65591	2148802
96268	4675422
23390	262820
99478	4998577
32615	520883
45050	998269
23928	274779
7461	19762
59788	1771327
76218	2920917
5396	6564
24249	281211
45865	1036810
22426	241357
30501	455605
50798	1289490
48953	1189569
51971	1347694
43884	950160
32793	528413
49394	1213786
91356	4199368
63154	1972606
60621	1822992
11007	49680
18346	155696
93182	4365961
76713	2961563
46867	1085599
58119	1678382
6198	11211
102596	5340209
61846	1896737
10927	49082
65636	2151598
33433	550018
75718	2880349
41580	851256
68027	2309680
30306	450207
54373	1469452
14906	98390
54887	1501118
76409	2934395
67784	2293920
24836	295406
73589	2722185
46942	1089719
84726	3599955
96754	4724326
36908	672616
98089	4859661
68655	2355275
50098	1250377
71022	2524681
92194	4275970
16264	120424
31204	477306
70277	2474088
77708	3036042
43072	915071
77621	3028739
79524	3163134
64204	2050831
45536	1020586
74916	2821133
27692	371993
9982	39333
64069	2040053
19798	185850
20043	191070
34346	579408
57883	1663357
26609	339732
76529	2944412
98738	4925598
97669	4820146
96623	4713071
71148	2535639
18584	160410
47110	1099840
67523	2276893
20159	193840
80588	3247725
40026	787326
77598	3026274
38519	735347
22658	246433
52915	1395231
10145	41055
9045	31951
68763	2367998
17090	132781
97681	4823687
94892	4541680
91801	4242939
25039	299618
56865	1604174
40588	808684
26335	331902
55820	1549823
44631	978106
47760	1131965
16855	129373
99911	5036439
20118	192821
62248	1917863
73859	2743345
55607	1537160
46945	1090744
69716	2431091
63520	1999461
98268	4880388
102105	5279655
21345	218737
46756	1078770
100538	5094379
72628	2647776
70027	2455379
37749	705656
74473	2786450
5674	8044
38886	746303
22840	250995
16192	118879
6928	15915
86945	3802925
61554	1877196
68888	2376465
48102	1151801
76817	2970230
38204	721528
10042	39892
56986	1612199
54224	1462131
77584	3024944
96329	4681289
37547	697272
22267	237588
35174	610916
102265	5296176
14456	92085
37662	702873
88669	3954302
40073	788655
50864	1293233
46189	1050705
12520	66342
21730	225153
28419	394837
59344	1741961
68927	2380596
98075	4857975
98932	4946243
7729	21921
17260	135894
21719	224819
6855	15673
28211	390215
62703	1944553
63782	2017380
51115	1303748
84199	3557198
24837	295670
10574	46029
91178	4182910
78591	3096711
45700	1029833
22142	235341
10178	41405
62371	1926690
47345	1111569
68711	2359976
91348	4198077
45221	1005712
73864	2745024
62326	1924038
44764	986026
38401	729165
7681	21451
71984	2598125
74807	2811749
35045	605821
26350	332903
95130	4568390
14762	95892
13641	82189
47797	1133325
74651	2799867
73159	2688571
32199	506008
19463	178471
31346	481723
47119	1101007
20264	195907
70612	2498705
77717	3038742
37450	692794
56558	1586917
33468	551621
51338	1315141
42699	898908
24173	279581
30884	468618
39649	776270
41596	852421
48175	1155999
18626	161541
5949	9967
7178	17593
11446	54323
22684	246947
5000	5025
59294	1738093
93288	4374682
27182	356245
56424	1578008
90437	4123367
64008	2034227
46109	1046544
49081	1196159
43444	929150
101736	5235974
85387	3664172
15986	116190
29393	422525
89156	4001177
88776	3960872
41754	860331
66768	2224440
13237	76968
89937	4076115
28680	402573
67201	2250404
83916	3534245
53939	1447891
24272	281976
79600	3170176
11034	50035
7324	18832
12084	60683
47389	1115008
26962	349224
25227	305497
56764	1598453
14374	90972
82050	3371197
7294	18598
71179	2538185
16932	130318
71024	2526189
38567	737434
81798	3346804
62434	1930527
60177	1794425
28241	391209
95975	4650556
61754	1892048
36319	651156
54396	1472276
87466	3850398
65076	2113526
36395	654383
52909	1394005
37024	677373
13076	75214
12677	68778
16488	123979
15164	103418
62723	1945804
74491	2787878
32668	523394
85085	3635785
72184	2614097
61244	1858446
35695	630517
49951	1242154
27044	351396
47664	1127270
84926	3620440
28980	410061
6625	14116
67120	2244976
83134	3469433
12787	70738
6841	15489
32476	515679
84588	3588121
64206	2051543
64331	2059439
90797	4153521
52394	1366112
94875	4539915
61714	1888953
69787	2436390
47243	1106779
87732	3874506
100288	5068573
32762	527248
72750	2655902
19621	181340
90997	4167259
95669	4612572
22436	242167
32955	534396
58803	1711816
96832	4733992
41985	871071
11348	53150
19475	178779
59957	1781173
70891	2515018
35861	637463
76487	2940486
22496	243274
7888	23324
74537	2790347
64357	2060923
99675	5014497
17778	145332
20301	196895
63461	1996964
25713	317183
78460	3087590
40836	821917
90902	4160156
19675	183062
69365	2409036
40912	825116
40785	820068
61935	1902594
77397	3011408
43346	925724
5591	7431
58048	1674564
14815	97010
46928	1087961
48180	1156606
19478	179013
48321	1162446
47240	1106233
28428	395258
33393	548338
56953	1610113
45582	1023473
71479	2556817
7655	21209
8225	25953
42392	886411
75493	2864931
18464	158226
55887	1553377
40206	793305
60160	1792698
48057	1149255
67759	2291699
38080	717257
71927	2590252
48044	1148458
32902	532523
5445	6862
56960	1610888
56434	1579438
96388	4689983
56508	1583223
65673	2155458
86137	3733700
100585	5098784
58802	1711194
36836	669420
35196	612020
11202	51631
15006	100466
80790	3265634
49677	1227786
34868	597441
86104	3730535
57938	1667284
46666	1074799
19085	170656
47013	1094235
16115	117806
60707	1828039
90738	4148074
13901	85357
7625	20701
95780	4625649
60930	1842756
5848	9275
100812	5129562
33804	561648
64841	2096078
37000	676186
57608	1647297
87050	3813667
89458	4030059
45767	1033197
5600	7505
43815	947325
98322	4887023
9469	34888
64430	2068469
37510	695820
95126	4567242
59627	1759913
14620	93895
64459	2070703
8341	26941
70574	2493783
82682	3429683
20450	200243
59493	1751750
29036	411742
20458	200748
56029	1559017
63792	2018339
12839	71428
101772	5239876
46612	1072143
28162	388383
63966	2028364
94247	4468088
65494	2142315
34339	578586
70797	2510250
84293	3567128
42364	885398
82713	3433475
5168	5721
81903	3356891
57634	1648624
74423	2781580
67720	2289011
27347	360362
85479	3671568
47804	1134457
39167	757274
89520	4035571
98848	4935074
79509	3161736
94633	4505453
74245	2769680
44119	957929
99784	5024006
70470	2486557
49046	1194311
84278	3563940
68450	2336509
69762	2434812
19490	179527
72400	2629969
78798	3110432
70586	2495642
101174	5173432
83492	3500387
39211	758916
64314	2056292
34940	602220
83246	3477467
35292	614767
60407	1808015
86195	3742310
93990	4443594
53979	1451155
23495	265220
25084	301700
15798	113670
82241	3384854
37136	680926
35486	621400
101028	5159873
12469	65673
67877	2301174
53833	1442322
30679	461403
71859	2583451
39694	777964
26853	346430
5629	7851
28890	407599
20570	202913
27053	351792
13168	76155
56636	1590836
83146	3470768
99691	5016304
10513	45541
60547	1816483
62773	1949893
9262	33524
76049	2907536
96697	4718628
72729	2653668
90061	4085365
20916	209791
6675	14369
35141	609265
61031	1847661
7871	23104
45866	1037301
98757	4927545
99656	5011537
27043	351104
70724	2505517
17907	147130
27189	356611
34056	569312
37236	685035
89862	4067289
50775	1287368
74299	2773942
60538	1815603
22809	250181
21792	228042
67181	2248380
100820	5130983
12342	63412
63182	1974763
37623	700610
10237	42734
45897	1038937
99295	4978398
60782	1833364
44299	964991
40997	829333
96391	4691099
6724	14705
60087	1789305
95072	4557945
94564	4496464
41503	848415
97768	4830932
74043	2759153
60289	1802043
84117	3551185
49731	1230633
32654	522503
62198	1915068
49994	1245253
47836	1137650
36618	662866
14979	99980
21998	232459
100291	5069735
50138	1253416
5035	5174
26739	343314
73878	2747029
80924	3275949
27311	359326
11979	59285
45798	1034364
88631	3950816
98921	4944695
51798	1338480
40357	799974
56326	1573554
93982	4442266
33350	546266
51278	1312570
98624	4910973
66696	2220027
69217	2401097
65990	2173878
73396	2705430
87489	3853180
58878	1715786
49914	1239720
17101	133218
97315	4782098
37884	710100
57796	1658527
8638	28923
31732	492192
74421	2780754
56652	1591854
23543	266491
55678	1540245
66589	2215117
21786	227538
32237	507595
62141	1912688
13052	74802
72332	2625311
54570	1479759
52129	1353910
94139	4458228
100183	5059242
67431	2267649
60820	1835122
86850	3793520
56165	1565646
76042	2906497
74934	2822566
7031	16618
8756	29505
40074	789080
54937	1503599
29979	438615
64166	2048326
26626	340497
73490	2716294
85460	3669031
42870	906430
82587	3416579
7132	17323
19939	188416
42516	890727
77152	2995653
62750	1947910
46269	1056276
61363	1864536
53649	1431411
92491	4300955
71033	2527945
44683	980610
47835	1137141
59408	1746846
77995	3056691
94227	4466191
6036	10312
12685	68958
87744	3875921
66561	2212178
64973	2106249
12263	62738
19957	189000
52765	1386472
56949	1609426
64663	2083135
50541	1275277
68665	2356314
43131	917203
28054	385166
44798	987231
60279	1800524
47100	1098169
82830	3442519
5293	6210
34815	595826
73157	2687755
99191	4969189
88363	3930865
25130	302767
5866	9438
96173	4664995
90408	4119308
15066	101810
79487	3159252
43651	938030
100222	5063225
47459	1118090
87048	3811824
54953	1504590
35090	607316
59654	1762522
55763	1545414
44883	990464
71737	2575442
87022	3809807
39692	777517
57068	1617987
92444	4295043
28180	388921
17546	140696
94201	4464006
64196	2049930
55323	1521464
47731	1129832
14087	87242
29221	417654
85967	3715076
18754	164587
47523	1121521
47881	1139208
20205	194919
41708	857256
21395	219696
75622	2872123
18505	158771
74893	2818757
27922	379646
65311	2131723
57237	1625099
77578	3023150
84240	3560634
49362	1211506
5238	6033
14351	90376
76543	2945727
23144	257192
63340	1984178
79946	3196064
87300	3835171
33887	563709
58167	1680357
34945	603018
102513	5330720
85378	3662929
77652	3031509
30769	464666
75205	2843389
76679	2957151
61296	1860644
67405	2266098
79063	3130447
10173	41275
65456	2139758
58290	1685090
54595	1481542
100758	5123769
92537	4304958
68728	2364716
96341	4682839
89961	4078107
91718	4232634
28453	396474
51193	1306770
95944	4646156
34530	586745
46932	1088535
82459	3405460
67447	2269550
19980	189631
25589	313820
96613	4710643
81738	3342696
69487	2416079
81641	3330484
49649	1225583
73048	2680801
16957	130688
54754	1490835
100970	5152847
73010	2678670
6402	12349
10236	42624
15839	114627
80507	3239579
67836	2298414
67000	2237583
32472	515287
84537	3584255
15044	101192
30366	452657
51328	1314366
50432	1266892
18442	157080
85336	3659413
41088	832419
45374	1013722
74970	2825434
36377	653685
5327	6364
49456	1216815
83319	3484722
96519	4701210
36884	671803
21168	215385
29882	435977
53521	1424217
56430	1578751
42474	889415
64006	2033516
31626	489577
67503	2275534
46849	1084711
17408	138328
68545	2345277
52169	1356532
30227	447487
74827	2813256
66221	2189507
100918	5145123
99411	4989213
6987	16361
21302	218072
73198	2690744
92743	4325747
64132	2044645
5693	8195
46724	1077558
12702	69459
101357	5196046
95980	4651766
15408	106859
10646	46681
9724	37488
55231	1516686
36116	645673
18851	166419
17045	132074
20922	210063
51422	1319381
26468	336302
49274	1207854
81937	3360775
43755	943813
30201	446797
84342	3570049
34351	579842
11203	51756
84010	3541589
9321	34142
94025	4449036
80410	3232440
97888	4843770
68708	2359183
51975	1348326
52934	1397345
45057	998879
16521	124577
68647	2354305
10216	41996
100702	5115855
33168	541921
58937	1719302
73963	2752435
81119	3288744
42925	908460
46439	1062516
87577	3863246
37575	698946
25291	307320
43523	932618
48135	1154058
85548	3678849
88868	3970352
97435	4792902
54745	1490040
72090	2608507
28642	401455
49387	1213118
33750	559719
72484	2636688
94610	4501505
42666	897344
86935	3800738
55224	1515931
63639	2008365
19742	184703
63226	1978054
86773	3788402
54812	1495184
33664	557601
63808	2019494
23933	275080
101910	5256213
96746	4722963
101027	5158806
76399	2933241
36230	648823
57974	1669492
58342	1687769
35928	639747
81510	3315275
79618	3172503
11816	57353
71937	2592799
53990	1451995
12065	60212
75267	2848009
96843	4736475
26898	347563
90121	4093530
77127	2993123
87149	3821517
54841	1497644
62695	1943667
27881	378226
55210	1514425
73452	2711932
101415	5203110
73416	2708383
10431	44638
65597	2149660
61491	1873407
23239	259205
70604	2496994
65921	2170269
16550	124967
84343	3570938
95515	4596505
73877	2746249
71726	2574326
72766	2657960
40746	816382
86304	3751398
53195	1409080
72088	2607702
13489	79710
89541	4040126
93334	4380600
12024	59881
50675	1282262
88015	3898532
55119	1510258
35394	618350
60762	1831539
28315	393097
26680	341458
67328	2258746
87165	3823970
82143	3377503
97468	4799437
40322	798056
81523	3318268
56112	1563603
86297	3750226
78426	3084666
70412	2481674
31916	497651
58339	1687096
63341	1984850
6060	10417
7654	21123
35365	617478
69830	2440717
43753	943324
91883	4248581
44419	968963
102337	5310216
41227	837746
45719	1030721
13541	80438
53028	1401431
62470	1932901
73651	2725225
85993	3717064
79489	3160138
96696	4717610
76887	2977594
80010	3201841
46802	1082202
32510	516882
52591	1376040
89625	4048441
69793	2437306
88977	3981485
27834	376176
65826	2165806
29309	419816
53816	1441321
97145	4762985
63989	2031686
49043	1193742
82629	3423321
48061	1149839
37243	685542
90213	4101338
50397	1264993
75087	2834386
6459	12752
84106	3549026
34906	599861
68116	2314078
73974	2753593
63029	1964233
6960	16145
82312	3392757
101825	5245679
23572	267059
31897	497032
83717	3515741
94923	4544120
68029	2310436
96205	4669462
91791	4240630
79569	3166532
12530	66524
62029	1907992
47249	1107397
81186	3294734
60219	1796892
99523	5002849
30648	460002
100961	5151370
49419	1215400
59249	1736179
32222	507027
78082	3061678
79716	3182050
60509	1814117
73831	2738593
96914	4744824
40147	790921
94811	4530164
44700	982350
54013	1453160
69638	2425546
53021	1400711
18760	164833
71345	2547709
65308	2130968
15603	110643
24508	287990
72549	2641243
14385	91191
64160	2047484
102597	5341292
70536	2491019
52542	1372635
94942	4545985
40596	809672
83016	3459482
100049	5050457
19736	184444
51940	1345834
67536	2279382
42059	873464
82184	3380850
65025	2109248
84289	3566109
11899	58261
79276	3144464
77955	3054335
81469	3311143
58746	1707777
87155	3822656
9700	37192
9551	36117
59060	1726470
65787	2161858
84834	3607963
60556	1817365
54594	1480964
35650	628634
30302	449840
70191	2466805
37561	698300
79456	3156417
85612	3685060
7937	23904
90714	4145152
71611	2565871
45920	1040858
85721	3695803
52546	1373273
35454	619759
50651	1280625
13083	75388
62450	1931654
31209	477703
49665	1226990
19965	189286
57767	1655354
72128	2611340
61227	1857309
10339	43485
42971	910747
48067	1150475
14397	91414
80354	3229377
68421	2334130
86697	3783339
48567	1173783
36398	654807
84913	3618179
39146	756465
83565	3506818
44354	966638
7037	16708
20650	204341
71930	2591091
56338	1574455
68810	2370998
30720	462335
73546	2719108
87919	3891622
19168	172987
63217	1977130
59367	1744442
26681	341742
80744	3260525
31539	487591
24652	291198
59414	1747623
10198	41707
5723	8497
23641	269050
64604	2078624
82988	3456636
83799	3523403
72277	2621851
57928	1665822
82436	3403682
25362	309224
54859	1499246
99970	5043442
65737	2159550
27796	374814
67529	2278460
22616	245512
97547	4808239
92449	4296203
45204	1004424
83342	3487365
88187	3916817
81398	3307433
42767	902514
37300	688116
71706	2571448
16961	130897
13985	86015
93434	4391888
95587	4606697
41604	853010
39618	775257
27156	354794
49969	1244125
98237	4874901
76666	2955872
55790	1547858
27208	357138
94526	4493701
83370	3489382
53576	1427846
53341	1415646
50674	1281719
81965	3364397
24635	290745
42061	873938
15553	109648
63891	2024702
29376	421981
70152	2463303
50558	1277248
21626	223413
55550	1533892
25964	323755
89307	4016056
73991	2754969
62261	1918890
22116	234839
78081	3060853
5608	7642
78986	3125008
9502	35318
89923	4074573
99109	4960081
36043	643635
75630	2873191
31219	478495
52608	1377555
12514	66175
50807	1290237
101993	5266667
53573	1427222
87597	3866785
69515	2417753
56539	1585238
59728	1767731
88002	3897070
77522	3017840
18522	159296
86904	3797631
16474	123697
62791	1951084
49080	1195636
18179	152765
47329	1110710
83094	3463574
19165	172556
68529	2343350
79471	3157810
66750	2223167
94413	4479763
81519	3317287
30535	457056
12349	63715
43461	929960
45238	1007467
8968	31200
73468	2714006
15383	106521
77283	3003076
59336	1741125
17282	136425
29126	414212
87721	3873140
84934	3621639
31193	476819
87526	3857458
12009	59556
21969	231921
63982	2030815
34502	584856
35716	631248
6844	15575
30300	449500
72908	2669770
46152	1048926
36522	660011
100406	5079595
47907	1141774
33391	547967
52278	1362026
52410	1367064
94762	4524002
29900	436845
23608	267708
65221	2123509
91124	4178592
51676	1331654
81517	3316383
82046	3370208
77940	3052180
21286	217687
68818	2372664
68181	2318363
59618	1758436
61847	1897395
68982	2385286
16265	120597
57565	1644898
19699	183896
65182	2120267
68720	2363746
95806	4628838
93398	4388315
86922	3799290
35286	614300
95921	4643114
102537	5333001
84914	3619075
78564	3093269
25514	312118
20149	193535
36968	675221
80796	3266688
90589	4135773
5841	9202
59048	1725520
81668	3332409
85840	3706125
102563	5336427
34006	566731
18395	156488
41855	864119
60776	1832573
24526	288708
76238	2922452
67288	2256044
50552	1276065
42611	894443
52428	1368595
70783	2509037
101896	5254465
30735	462880
66185	2184974
18459	157991
12447	65151
95430	4591449
75654	2874868
34203	573863
60571	1820263
97044	4756082
9547	36002
72769	2658809
66205	2187638
47302	1109601
55584	1535394
57147	1621387
20498	201355
86541	3772174
32818	529486
71031	2527155
75900	2893402
48022	1146957
50379	1263522
7832	22901
35140	608894
90042	4083593
70463	2485601
83801	3524331
59354	1743457
81548	3320109
33440	550819
65218	2122752
67393	2264335
58232	1682828
85081	3634759
65443	2138676
80842	3270182
24099	277976
75147	2839683
31945	498433
37386	690849
49241	1204546
67772	2292826
62529	1936628
48150	1154906
87533	3858653
95087	4560578
31359	482240
11620	55903
57258	1626852
85323	3657992
66309	2195777
39425	766256
81854	3352400
35580	625955
78268	3075293
29439	424993
46244	1054302
61166	1853601
95216	4573481
70005	2452482
92452	4297274
97654	4816462
68941	2381778
94737	4519950
13490	79853
100527	5092813
93120	4360232
68817	2371939
73451	2711151
15410	107032
18157	152210
71958	2595010
51157	1305337
53671	1434171
49260	1206510
7299	18688
99179	4966585
21041	213214
6017	10149
6418	12520
21022	212154
101206	5179142
17653	143025
66283	2194246
38861	745035
50255	1257864
21199	216361
60861	1836978
8214	25825
7653	21032
38248	723528
43808	946724
78600	3098651
24053	276949
70195	2467654
20072	191761
54037	1454350
64552	2075646
32957	534762
47026	1095011
69345	2407637
99121	4961683
24926	296987
92138	4269662
24029	276426
76113	2913827
34279	576531
25669	316380
92769	4327890
100953	5149949
52907	1393416
49135	1199465
67282	2255159
41944	868939
46877	1086302
80663	3254813
26922	348154
21917	230256
36672	664213
17263	136096
67449	2270299
69701	2429860
25431	310331
78914	3121361
75008	2827625
33437	550426
69640	2426323
7618	20431
29777	433230
56555	1586259
97218	4772442
34138	571724
30875	467844
50112	1251236
61823	1895406
42734	900513
98115	4863914
89301	4014883
30159	444636
30766	463983
101178	5174660
85053	3630144
67461	2271387
69087	2391708
80624	3250803
95037	4555313
53866	1444300
97414	4790890
98264	4879197
78824	3113841
82681	3428806
59005	1722480
87501	3855477
55827	1551148
73371	2703769
94182	4462161
12963	73069
29353	421346
25846	320421
75053	2830829
48817	1184278
23383	262497
88169	3914245
17593	141626
81559	3321379
96611	4709575
69403	2411057
29732	431352
16471	123501
31385	482960
71328	2545658
76792	2968490
46944	1090240
31473	484961
60057	1787191
27538	367379
64390	2063281
64759	2088189
12318	63154
59603	1757394
54657	1485990
12749	70122
41205	836462
7619	20512
25361	308949
45356	1011944
53051	1403121
94018	4445869
64035	2037028
78577	3095365
99071	4956186
71742	2576348
28129	387641
80139	3214279
21757	226337
86442	3763496
81684	3333889
61602	1880534
95851	4633913
76661	2954130
16233	119510
65086	2114504
90725	4146567
72714	2652386
16231	119330
6967	16235
9514	35576
33384	547166
68542	2344484
32420	513134
41321	840493
65974	2172685
48984	1190819
18064	150303
99207	4970992
61578	1879176
83101	3465539
75035	2829397
70806	2511283
13272	77311
79577	3167653
21756	226101
76907	2979149
84061	3546280
102545	5334454
68247	2322674
76099	2911750
99303	4979797
55404	1525944
85371	3661770
88969	3978440
36416	656241
60570	1819623
25551	312833
64793	2091251
38346	726945
32914	533056
88387	3932824
28109	386503
19101	171195
43757	944296
6233	11339
91652	4226821
14323	89903
63433	1994804
73449	2710338
91766	4237619
90076	4087860
13292	77564
83410	3492740
47512	1120782
45571	1022292
42984	911459
15359	106029
15829	114226
26511	337660
28629	400981
83222	3475626
22744	248767
80620	3249826
74092	2761731
88820	3967311
24079	277495
60922	1841902
44626	977547
63009	1962968
90028	4082048
32253	508178
70487	2487867
97175	4766412
100517	5091293
36410	655394
38442	731127
6360	12134
56093	1561934
52766	1387033
75156	2840782
66202	2186874
93125	4361408
30534	456729
51478	1322898
23102	256012
98260	4878012
7278	18395
57895	1664291
55135	1511254
58417	1694088
56808	1601419
83451	3495296
14372	90804
76872	2976238
71017	2523788
95075	4559048
25332	308335
46469	1064148
70573	2493036
46182	1050076
20356	198276
59176	1731647
35462	620257
89105	3997092
17677	143405
34912	600316
42040	872644
32351	510388
62890	1956078
59160	1730584
71023	2525436
27620	369891
40684	813493
7389	19166
62526	1935902
86487	3768070
20398	199110
10460	45091
91255	4191037
90516	4128792
81906	3357844
26030	325921
14191	88186
42620	895065
80706	3257362
97498	4803865
39233	760140
81948	3362049
96863	4739399
63357	1985988
20854	208954
20683	205313
8899	30769
82950	3452537
69962	2448862
48316	1161837
6795	15084
95767	4624054
67374	2261653
30181	445880
74382	2778541
47930	1142811
91261	4192232
52672	1382427
66326	2197678
14988	100192
29187	415380
91549	4216538
43345	925264
58941	1720015
15297	104965
34632	590232
73665	2727961
38703	740425
88211	3920548
24307	283377
80560	3244968
6115	10650
73655	2726851
53275	1412819
94764	4525052
32057	501488
23127	256527
58393	1691611
81709	3338206
9636	36743
57244	1625875
80567	3246064
57793	1657856
22907	251963
63647	2009261
54468	1475335
100862	5138201
34717	592739
67827	2297425
43624	936561
39259	761043
91060	4173820
5212	5888
82310	3391847
29207	416863
55539	1533030
72347	2626583
85178	3645760
37995	713725
84408	3576238
27065	352224
10835	48324
49561	1221403
62692	1942943
63611	2004905
102447	5322129
44483	972612
40652	811621
33219	543097
29784	433636
97770	4832015
16261	120230
97713	4826249
95717	4616819
32134	504322
102042	5274344
45233	1006894
76038	2905579
40204	792452
34121	571095
50470	1269385
94630	4504356
52478	1370428
19598	180928
96286	4677265
37066	678515
65303	2130148
35529	623235
48440	1167273
84897	3614932
7621	20605
36089	644824
74769	2808814
6161	11002
49716	1229754
25198	304888
72118	2610247
96602	4708168
91555	4217733
78741	3107388
24488	287254
84358	3572426
75372	2855784
63399	1991161
35776	633037
9111	32682
9851	38506
97521	4805980
12086	60819
87592	3865678
61571	1878336
31843	495220
8281	26397
71868	2584501
37923	711989
96360	4684732
31520	486973
18030	149269
14355	90550
97477	4800866
41750	859822
12964	73210
31726	491771
62265	1919644
90546	4131987
74297	2773120
68118	2314836
85148	3641046
20009	190324
26612	340042
20073	191975
12586	67230
95102	4564169
95857	4635171
93630	4408663
80714	3258504
80057	3207768
15754	112858
40987	828713
67949	2304980
63383	1988730
92880	4341494
65336	2133198
18829	165839
27994	382618
14665	94639
33590	555688
102319	5306189
67276	2253600
54737	1489271
60904	1840118
79211	3138701
40720	815040
51443	1320959
19018	169277
100731	5119357
48384	1164944
97861	4838486
29615	429046
60569	1818985
37509	695419
80802	3267746
39021	751676
66191	2185843
89224	4009621
51661	1330743
20451	200463
72005	2600336
101866	5250866
14619	93738
54302	1465891
19623	181559
21037	212740
92605	4309994
98652	4915342
54912	1502358
67074	2242088
63572	2001744
18163	152446
57085	1619051
35616	626956
27497	365139
75594	2870292
92125	4268135
66443	2204225
19087	170868
8994	31578
73094	2683223
27176	355886
86424	3759227
5459	6945
34770	594703
61611	1881427
12576	67039
39888	782982
24278	282544
22103	234476
96615	4711709
88297	3926148
58695	1705111
12974	73541
63634	2006917
7403	19368
77118	2991992
7527	20100
93596	4405173
58622	1701807
40336	799149
23013	254546
39846	781752
81701	3336229
70231	2471045
77916	3049662
17210	134963
54806	1494470
15674	111799
67644	2285077
50389	1264279
45220	1005235
9495	35187
58109	1677506
80324	3226555
42674	897950
89395	4022710
6833	15323
66880	2229523
100345	5073480
31218	478161
86435	3761446
22241	237079
27667	371085
94767	4526150
100404	5078487
52624	1378505
40764	818395
5388	6495
92937	4346033
68515	2342181
29317	420229
33385	547523
40864	823315
11483	54876
92855	4339392
8124	25009
75210	2844337
65867	2167825
63418	1993048
78250	3073798
41220	837185
27541	367702
94457	4485660
90418	4120675
65549	2146108
36492	659098
5087	5455
81499	3314003
32603	520356
64017	2035165
70225	2470125
64794	2091943
90533	4130480
98895	4940406
16408	122688
87249	3830291
35969	641206
93395	4387229
22428	241614
98582	4907885
27707	373048
14888	97962
88938	3976158
65714	2157465
72940	2672416
43276	922478
64993	2107552
82288	3389274
44691	981238
48430	1166542
76072	2909180
16246	119776
5625	7784
89083	3995205
89209	4008047
5041	5238
47221	1104833
59726	1767070
95754	4621494
83765	3520286
94593	4498795
14121	87605
97450	4795598
59641	1760932
70990	2521397
83804	3525300
83287	3480864
70418	2482593
69200	2399810
49328	1209675
17973	148050
66067	2178413
101378	5198142
90332	4110388
89162	4002348
98416	4895656
45366	1013087
96873	4740868
81247	3298842
76835	2972476
7714	21715
55739	1542499
72676	2650263
64415	2066032
22314	238316
5442	6801
63393	1990332
6421	12602
26285	331006
80039	3206240
78452	3086485
24348	284102
57981	1670285
96425	4693723
45029	996431
54601	1482255
93733	4418241
14785	96352
91307	4195270
32717	525177
59353	1742824
96250	4673579
47894	1140975
48989	1191436
56198	1567136
47891	1140420
66565	2212980
68333	2328366
88176	3915444
90160	4097115
64798	2092726
26124	327362
55751	1543957
48466	1168878
92706	4320292
38802	743508
98867	4938009
22378	240384
12985	73878
5896	9557
9838	38345
46774	1080132
15157	103215
66712	2221229
84577	3586802
63374	1987166
16595	125819
92001	4258673
78221	3071869
35127	608311
89678	4052638
76598	2950156
59435	1748847
30670	460956
83127	3468300
68734	2365613
52726	1384374
46548	1067847
12874	72020
12601	67578
68925	2379830
80752	3261660
31024	472012
79566	3165609
87486	3852165
36713	665703
89483	4032092
78320	3078918
91569	4219303
25581	313463
11891	58100
82593	3418495
27382	361381
85893	3709283
13311	77955
33616	556466
35168	610451
64509	2073610
32440	513783
33424	549526
18888	166944
78893	3118152
20572	203141
12458	65479
27507	365556
90194	4099568
14969	99593
6195	11132
80021	3204710
6744	14827
38028	715118
13806	84339
75480	2863675
53218	1410230
31502	486053
18330	154993
86437	3762406
51112	1303158
42120	876863
36617	662473
33141	540800
97310	4780875
19774	185416
46491	1065592
30616	459205
95596	4608094
49868	1237065
18691	163061
46583	1071008
94351	4475871
36446	657523
42172	878376
88190	3917843
33039	537446
19456	178203
98914	4943347
6124	10803
43006	912359
43732	942430
87904	3890075
50251	1257256
89405	4024057
35661	629191
82940	3451280
96960	4748051
30103	442265
75829	2888400
9104	32557
74025	2757735
54509	1477001
62120	1911415
61509	1874579
21647	223854
9696	37072
79704	3180768
11003	49540
82402	3401452
7283	18488
60282	1801219
81590	3325111
67444	2268763
89176	4003872
15883	115116
72941	2673187
23382	262246
12781	70571
77914	3048801
11293	52652
57401	1634403
18721	163519
101228	5182306
67196	2249557
64114	2043426
86108	3731574
45086	999982
38243	723044
84669	3594974
50229	1256201
56839	1602868
63638	2007690
7755	22256
10557	45846
64836	2095265
91520	4213359
99813	5028483
9150	32923
64322	2057849
45548	1021315
67680	2286975
59835	1774528
28887	407265
68594	2349717
52815	1389395
7272	18296
45362	1012541
43292	923254
25045	299946
23256	259631
64620	2080449
24953	297817
102223	5292973
72773	2659693
89532	4038818
33757	560175
23183	258106
11947	59004
8825	30125
5700	8274
74726	2804938
64403	2064349
21763	226627
98713	4922364
28195	389704
68580	2348549
38006	714319
34508	585309
25742	318335
20162	194293
95545	4602750
93316	4377879
54410	1473208
35519	622337
59847	1775486
91743	4234716
7197	17715
6121	10729
74636	2797803
10804	48067
22564	244246
44420	969436
57853	1661333
34872	597861
81081	3285573
30172	445437
64323	2058536
45380	1014316
36450	657968
56571	1587856
83558	3505683
11251	52219
44574	975505
10746	47694
84860	3610783
70459	2484751
74272	2771439
69861	2443204
86190	3740355
43672	939809
84021	3542904
63211	1976308
99673	5013394
53602	1429078
66279	2193439
52142	1354773
49566	1222026
90113	4092262
20766	206995
9935	38938
44212	961751
8026	24348
25997	324702
12655	68396
87360	3839563
68238	2320992
93274	4373086
78898	3119142
63228	1978758
56605	1589388
70899	2516730
45887	1038240
30490	455127
68713	2361425
72017	2601493
57710	1652552
77133	2994134
57521	1640732
20951	210785
90512	4127694
47811	1135597
56237	1569930
15093	102307
101990	5265484
14862	97634
85619	3686227
41428	846036
92653	4315029
28186	389291
99932	5040523
97451	4796632
38416	730239
101887	5252971
57283	1628145
95907	4641469
24240	280853
27816	375649
50612	1279129
34371	580874
71190	2539300
74359	2776929
24297	283011
99279	4976597
101339	5194106
96766	4725885
78174	3066867
10224	42246
13572	81199
57309	1629466
53060	1403897
78116	3063804
21019	211908
81611	3326789
18368	156070
86877	3795573
13854	84919
11382	53544
66548	2210403
21905	229902
46640	1073730
33993	566170
71870	2585302
90354	4114121
16726	127859
83098	3464580
52160	1355769
25282	306947
67607	2283146
91028	4171432
39502	770175
58811	1712641
56256	1571026
47086	1097364
40012	786641
58657	1703417
100603	5104759
44447	970920
77461	3014683
45123	1001260
74739	2806181
88092	3907274
38228	722368
66453	2205233
81573	3322767
88034	3901150
77538	3020810
87425	3846833
53934	1447208
85682	3691540
74706	2803437
57006	1613338
55809	1548952
81020	3281469
32366	510959
11143	51126
68760	2367198
17603	141893
35076	606715
66485	2206968
84902	3616851
12647	68091
101089	5166036
59302	1739524
89525	4037602
43270	921909
85734	3697229
74861	2816793
70004	2451743
94424	4481232
92803	4334154
25507	311775
41774	861167
93077	4354461
19626	181795
92518	4303142
66139	2182790
78330	3080100
51401	1317800
38484	733494
27528	366967
97663	4818868
72253	2620247
18028	149062
13622	81787
94163	4460317
59962	1781931
19396	176846
77710	3037683
92144	4270868
59918	1778809
5702	8340
10100	40654
19079	170405
98054	4855947
50263	1259081
89048	3990934
12816	71164
46303	1058456
58012	1672936
42593	893635
84955	3623389
37634	701199
25930	322797
57788	1657130
31737	492598
67402	2265317
43559	934282
77682	3033460
67278	2254348
39352	764043
39068	753373
33777	560856
101068	5163947
28740	404597
100591	5101113
79736	3183652
79617	3171659
59537	1754250
8857	30429
32133	503980
40448	803425
87299	3834247
8644	29032
57935	1666614
21933	230648
73254	2693541
75448	2861704
96190	4666789
83760	3519228
47446	1116827
48821	1184873
85957	3713782
24485	286964
14773	96119
18013	148562
17606	142098
83746	3517800
85203	3650271
31617	489116
99803	5026971
59232	1734484
72948	2674180
86066	3725413
36944	673652
18613	161237
84406	3575307
25067	300982
43482	930848
29429	423644
9741	37762
82545	3413181
86965	3805552
59526	1753321
88922	3973657
55467	1528802
10227	42370
102305	5304434
49910	1239118
40740	815852
102023	5271303
90682	4142774
30277	448540
42320	882325
83119	3467129
84862	3611724
76386	2931206
50083	1248990
22924	252383
24466	286233
86562	3773958
28989	410490
94693	4515946
85707	3694339
48103	1152317
20317	197262
95005	4552820
37206	683354
97207	4768964
68616	2351855
80061	3208739
91678	4228944
85188	3648765
102165	5287908
47534	1123224
100836	5133830
78592	3097544
11501	55083
7734	22022
28571	399000
10347	43632
95834	4632121
82520	3411314
80762	3263692
41062	831474
14734	95242
20822	208415
54993	1506247
93924	4434809
22701	247597
64653	2082160
73317	2699557
79868	3191336
37166	682238
18095	150746
29988	439050
38980	750099
69628	2424492
99708	5019171
71915	2589098
40491	805105
80423	3233770
76771	2966905
20261	195673
82481	3407202
72872	2666980
93716	4416496
88350	3929395
101804	5242550
82630	3424191
29098	413516
42797	904455
28001	383288
77177	2997403
27678	371521
97214	4771270
87406	3845115
47805	1134969
21755	225862
8316	26687
93913	4431452
81956	3363206
65226	2124331
93128	4362491
65161	2118263
55271	1519475
57683	1651191
16296	121165
45441	1016603
90774	4151552
6019	10219
94475	4489367
85586	3682208
98325	4888158
11406	53778
94835	4534182
27961	381601
86145	3734920
10432	44751
8335	26835
7044	16807
63754	2015209
78553	3092046
33134	540012
12197	61887
72478	2635733
41390	843992
74845	2815440
102378	5314409
97882	4842484
32445	514191
9099	32438
53372	1417549
75397	2857494
88786	3963113
14898	98182
56460	1581305
79061	3129572
91441	4205115
21966	231667
93936	4437263
59247	1735519
68140	2316277
83470	3497783
9611	36549
82204	3382502
80509	3240470
87925	3892771
45195	1003769
29227	418039
101498	5210441
34527	585984
85598	3683592
87498	3854460
77343	3007751
92392	4289826
19226	174098
77237	3000514
8231	26064
37908	711322
44832	988435
100421	5082376
51728	1334575
12191	61731
99468	4996074
31858	496101
86329	3753353
17518	139927
72048	2604069
38354	727490
102331	5307844
30890	469028
61024	1846215
42878	907032
68713	2362124
40771	818953
5067	5379
15302	105164
72741	2654837
92591	4308406
78629	3100589
12358	63895
83537	3503957
93792	4422904
70575	2494536
22377	240141
70686	2502748
16666	127055
9732	37623
98815	4931431
81913	3358962
76365	2929633
15443	107749
38053	715972
33020	536796
72775	2660497
82517	3410359
82704	3432265
81707	3337300
48905	1187908
30835	466297
102144	5285788
25965	324032
79582	3168655
21779	227241
79109	3133064
92663	4316427
73652	2726001
12988	74030
102412	5318244
92782	4330359
79431	3154623
19404	177317
98103	4862333
21028	212427
24974	298584
89079	3994124
64224	2052766
67528	2277746
93608	4406681
25914	322070
93096	4357223
10278	43010
87171	3825114
93566	4401867
69727	2432180
61710	1888202
72846	2664561
70139	2462138
53964	1449113
5321	6300
86011	3719569
97407	4789560
43853	949039
64405	2065064
96376	4687456
24511	288277
74428	2783269
41942	868476
76164	2916544
46810	1082861
51213	1307795
81170	3293268
60902	1839441
46236	1053649
49645	1224982
18260	154209
96457	4696255
49108	1197813
65723	2158425
90861	4157363
40666	812315
61342	1862661
33058	538097
84709	3598379
91016	4169966
25591	314110
83977	3539353
32457	514715
83215	3474492
85307	3656449
29202	416490
51067	1301489
88996	3983232
90071	4086727
63061	1966508
29211	417216
9274	33672
68241	2321779
57233	1624402
11881	57798
6466	12905
86939	3801790
90259	4104335
38512	734818
9165	33071
83341	3486487
59019	1723482
23500	265516
95758	4622651
53502	1422627
73818	2737363
50493	1272012
22431	241879
38950	748721
94868	4537668
102277	5298866
71811	2581001
14932	98877
10671	47014
65821	2164307
27568	368915
5906	9635
19679	183300
96229	4671595
18516	159053
46575	1070349
95310	4583751
74109	2763116
89190	4006291
54381	1470769
37712	704194
76735	2964735
65301	2129420
66074	2179315
70182	2465068
82384	3399882
60567	1818311
38276	724449
34915	600728
17516	139727
98035	4854016
34314	577469
76733	2963113
43351	926276
16077	117191
38743	741584
68948	2382716
57533	1643399
34758	594146
87879	3887196
60497	1813150
12011	59694
74834	2814275
21798	228328
22611	245226
72225	2617035
9277	33780
60337	1805310
61958	1903930
15743	112618
79136	3134934
94464	4486942
62761	1948884
84775	3603749
49254	1205866
55220	1515261
50687	1284114
97743	4828717
10736	47534
65065	2112516
71407	2552087
30764	463636
17161	134225
92274	4280612
40763	817965
68386	2332247
19636	182298
51706	1333479
9823	38184
85077	3633735
65556	2146996
52929	1396139
91102	4176666
96840	4735356
6470	13053
29270	418957
25814	319490
40328	798585
20102	192463
59710	1765387
15424	107289
70730	2506442
99312	4981245
47129	1101719
80938	3277329
26938	348639
80184	3217704
61676	1886538
22322	238859
49244	1205117
72822	2662946
101296	5189866
38495	734099
61859	1899015
86176	3738877
40688	813988
76871	2975420
8986	31355
90751	4149581
21157	215051
15462	108363
12362	64051
31488	485517
32671	523774
63632	2006214
22220	236630
26894	347233
37473	693606
28921	408336
36234	649259
32593	519863
88108	3909760
95322	4585291
41691	856067
81729	3341501
91419	4203184
17775	145124
61068	1849396
52422	1367911
32563	518719
97003	4752111
93322	4379096
46229	1052547
56230	1569169
19809	186160
52198	1358352
40955	827646
42577	892870
102005	5268316
83961	3537835
26708	342366
41171	835353
89567	4043109
20811	207662
88608	3947115
72040	2603048
36142	646508
57510	1639839
65176	2119410
70907	2517734
71628	2567199
5608	7577
66016	2175398
93823	4425314
25628	315094
100922	5146341
45391	1015020
101182	5175881
74755	2807538
58732	1706777
73846	2740638
88787	3964048
77093	2990243
38345	726534
66218	2188740
89451	4027938
53864	1443702
24143	278735
64810	2093773
47744	1131105
12980	73713
40317	797545
82643	3426393
76571	2948348
61484	1872567
30164	445014
18585	160608
12534	66681
8473	27726
69928	2446962
87053	3814677
15556	109830
95784	4626808
49269	1207235
53032	1402078
71972	2596239
94602	4500176
99005	4951883
53353	1416507
84898	3615829
101271	5186547
53554	1426178
73959	2751537
34833	596488
85455	3667955
52812	1388778
83001	3458019
54868	1500044
25735	317982
17135	133661
80445	3235469
42066	874468
82588	3417456
52073	1351400
35811	635475
79660	3177397
100877	5139984
79755	3185211
47293	1108910
14438	91821
77701	3034987
92086	4265401
83714	3514767
94679	4514321
86192	3741311
50298	1260467
88664	3953183
38940	748129
63321	1982947
19073	170154
87086	3817001
14652	94405
71578	2563965
65260	2126758
35142	609638
24575	289784
22048	233442
28125	387299
6480	13148
27909	378892
82732	3435102
45519	1019279
25664	316056
67590	2281892
89775	4060635
50114	1251796
101300	5191091
100840	5135048
58454	1695749
48726	1180587
62967	1959748
42784	903305
34643	590768
52655	1381444
48038	1147831
89457	4029112
96140	4661458
40849	822598
34896	598975
16266	120773
102180	5289713
87583	3864395
45593	1024640
61450	1869666
68278	2325798
68712	2360701
90938	4163636
15353	105832
37830	707935
54638	1484369
66532	2209200
36038	643174
6145	10908
27167	355493
86012	3720478
33122	539480
26978	349985
52590	1375483
10489	45323
80853	3271442
5909	9702
14266	89100
12651	68243
28974	409681
64848	2096959
15796	113491
94857	4536185
37329	689036
50516	1274130
99096	4958434
21198	216130
27966	381952
16086	117424
44162	960214
30878	468208
26395	334283
11211	51910
87238	3828933
18838	166110
64965	2105334
89544	4041165
14501	92677
68949	2383447
41624	854267
7715	21799
50511	1273492
80755	3262598
70711	2504343
93407	4389681
97156	4764505
45490	1018165
53630	1430364
88999	3984264
51607	1327788
19253	174546
70378	2479768
45347	1011278
39513	771194
88042	3903282
60300	1803594
15208	103877
61644	1883056
24658	291520
42329	883377
87817	3881796
83594	3508881
80301	3224823
54323	1467555
42443	888339
13555	80952
8158	25387
21562	222304
10854	48526
34899	599386
23763	271655
58934	1718617
21372	219238
91484	4208018
92681	4318198
54709	1487953
33668	558015
95103	4565178
76547	2946652
99477	4997528
71992	2599143
101821	5244452
100713	5117425
48840	1185831
26588	339187
94644	4506928
11118	50774
98222	4873165
56217	1568234
79040	3127939
20515	201736
50795	1288902
7128	17238
37280	687368
30039	440717
43547	933579
93493	4396544
88397	3935049
92039	4262294
90358	4115210
10045	40009
19563	180400
82776	3438600
50485	1270273
37503	694922
92294	4282474
6310	11762
6578	13785
38338	726010
37334	689511
91971	4256360
42324	882838
12694	69143
63607	2004138
82861	3446324
87789	3878791
102619	5343474
84773	3602811
81059	3283863
45340	1010664
82091	3373711
91498	4209588
67381	2262571
95529	4598140
71155	2536610
46232	1053084
72244	2618453
11023	49866
30324	451409
20272	196191
85738	3698267
50408	1265781
46560	1069065
94660	4511506
46410	1061377
55665	1539323
69814	2439450
7831	22809
76913	2980158
18455	157762
73325	2700588
21863	229231
65808	2163215
23657	269475
5263	6118
46246	1054819
48669	1178217
53789	1439511
51848	1340301
48528	1171859
60741	1829676
78176	3067738
76506	2942758
5928	9864
46567	1069696
82861	3445484
39506	770651
30119	443113
14970	99759
73811	2735607
84476	3580819
89855	4066067
53685	1435089
88501	3940569
20555	202549
10320	43296
67916	2303179
100841	5136117
59642	1761561
33165	541532
61206	1855433
35852	636935
49163	1200651
82498	3408739
83295	3482039
60022	1785541
98287	4882319
67343	2259931
93959	4439293
89918	4073441
64105	2042490
8177	25621
13001	74244
50828	1291806
101268	5185374
66367	2200370
68367	2330219
80335	3227805
33509	553322
42571	892315
18027	148869
30516	456144
22716	247997
52184	1357454
22741	248503
49487	1218080
15586	110202
94652	4509217
73006	2677785
75071	2832261
99449	4993119
100378	5076160
91961	4254966
71885	2587292
55181	1513071
48107	1152900
36579	661415
64145	2046353
30588	458161
87258	3831564
49848	1236062
57786	1656485
97871	4839971
27163	355161
39476	768867
41279	839222
60451	1810554
85179	3646661
15360	106198
19144	172172
81091	3286793
89816	4063396
50487	1270834
97946	4848621
14338	90144
34328	578050
99441	4991717
89187	4005260
78902	3120095
94442	4483040
46116	1047170
13540	80290
100988	5154780
95284	4580586
72084	2606101
96370	4686192
72197	2615295
19921	188041
40760	817495
21049	213513
99881	5032912
47478	1119018
26147	327919
54107	1456780
81636	3329454
25057	300605
38963	749371
6545	13570
13842	84700
68917	2378164
99918	5038811
44754	985350
95924	4644223
15338	105567
71075	2530158
67987	2307637
95867	4637595
54215	1461335
18142	151900
89074	3992998
92308	4284057
8567	28595
87575	3862273
97220	4773519
100769	5126364
44124	958483
34341	578970
92645	4313718
44698	981848
92639	4312505
43108	916278
34573	587825
98164	4868317
5119	5610
61475	1871675
62569	1938495
70335	2477547
100469	5086837
62870	1954179
39479	769326
94025	4448090
102406	5316898
9286	33911
66948	2234493
95879	4639146
59047	1724897
63958	2027468
71795	2578979
92849	4338172
61649	1883833
90436	4122411
79348	3150524
57959	1668475
56445	1580318
15427	107475
20934	210402
7811	22588
63156	1973312
102111	5280991
85583	3681218
33513	553729
102295	5301862
94616	4502739
98675	4917486
47356	1112307
100589	5100000
72436	2632743
94984	4550861
38390	728566
74145	2765206
101592	5220385
92377	4288195
64425	2067657
50494	1272554
102080	5277333
16996	131519
55463	1528134
43628	937089
36321	651565
39557	773258
38106	718134
96810	4729987
45598	1025218
86214	3744009
94981	4549763
15716	112263
36411	655782
97017	4753779
8170	25511
25112	302290
77788	3043088
14788	96522
32661	522947
99503	5000839
27870	377794
5054	5306
17865	146413
56037	1559809
85067	3632455
79331	3149047
32419	512789
36359	652992
6600	13985
62013	1906875
56530	1584414
85999	3718188
90672	4141399
31417	483777
32837	530464
8057	24625
52910	1394563
5612	7707
94770	4527252
46678	1075551
59722	1766344
98632	4912367
54388	1471510
22007	232783
51924	1344892
25835	320016
45611	1025970
71107	2532020
77954	3053511
16914	129999
26239	329617
14632	94121
77772	3041681
26002	325031
99908	5035280
23869	273610
76025	2904313
80110	3211506
57317	1630854
15831	114406
13802	84173
60179	1795093
50555	1276656
24234	280539
95268	4578856
93308	4376563
83458	3496434
48543	1172714
84618	3591099
97384	4787447
12860	71680
51252	1310865
60155	1791939
67299	2257089
23358	261256
95532	4600201
88609	3948054
33238	543751
30015	440054
94485	4490799
5524	7279
10058	40167
82015	3367279
99798	5025712
64087	2041271
71878	2586319
14206	88432
69072	2390493
14057	86754
50373	1262862
53509	1423352
44455	971545
57592	1646252
77294	3004283
32160	505062
67065	2241114
76009	2902935
86040	3722561
75955	2898571
35534	623690
44257	963631
61657	1884704
47511	1120275
67078	2242897
40465	804173
69262	2403353
49186	1202204
66323	2196909
19752	185001
48443	1167832
37870	709452
64932	2103605
101939	5260794
14269	89264
21181	215733
82622	3421361
82612	3420118
23079	255517
22804	249889
44383	967722
36703	665150
32798	528831
59471	1750504
25939	323177
9069	32234
35553	624752
7456	19670
52637	1379908
51955	1346751
18047	149595
24825	295021
26019	325515
19333	176071
92795	4331904
80546	3243591
71802	2579954
63997	2032583
59970	1782780
6461	12826
9710	37332
81496	3313061
16650	126758
69680	2428425
66255	2191304
82352	3396901
101685	5229253
71713	2572419
77328	3006388
24424	285238
17166	134438
11800	57025
64023	2036001
28284	392378
60882	1838223
46446	1063152
35000	604685
95542	4601644
76962	2982838
56942	1608653
53283	1413570
48494	1170046
36445	657137
91917	4252007
51533	1324837
5218	5952
6754	14923
64897	2101819
73399	2706281
65191	2121218
67786	2294672
8498	27899
70533	2490205
94466	4487989
7227	17951
25648	315599
7890	23497
97673	4822310
70999	2522432
100415	5081065
42339	884447
92403	4291267
61429	1868404
66566	2213684
50259	1258469
73460	2712967
64880	2100612
89132	3999199
72466	2634563
90104	4090949
78878	3116765
58352	1688648
92733	4323413
77537	3019989
32494	516299
52649	1380754
8157	25292
15453	107978
41370	843167
43165	918361
82321	3393957
80660	3253880
94749	4521476
62327	1924697
32386	511603
101426	5204696
96467	4697709
69479	2415102
102456	5324658
92484	4299695
90365	4116436
20741	206534
29608	428643
41824	862623
68501	2340319
25439	310687
99376	4986454
21767	226889
59296	1738753
34277	576150
17247	135608
82037	3369013
66879	2228816
8292	26520
91909	4250706
37255	686147
43683	940487
43775	945571
26786	344468
95290	4581830
7927	23786
68473	2338674
15047	101366
7206	17821
34027	567779
29438	424681
87380	3843087
13161	75978
32735	525803
12864	71833
24938	297386
34528	586356
49333	1210293
71571	2562996
49098	1197076
95530	4599147
75424	2860034
95730	4618411
24267	281670
7703	21596
27143	354067
10113	40817
50810	1290831
90650	4139476
100658	5111595
43513	931957
68561	2346513
14951	99319
43056	914297
40205	792879
59384	1745543
39205	758405
66891	2230561
43025	913202
36950	674514
14804	96779
34492	583626
92152	4272167
67500	2274070
76181	2917962
52594	1376654
55253	1517854
8834	30256
47981	1145003
6416	12443
83847	3527951
8366	27111
86537	3771125
88771	3959750
10229	42488
96814	4732133
92910	4343834
93366	4383986
17808	145764
40901	824477
50871	1293923
39041	752455
69801	2438286
49799	1233832
11379	53412
35870	637988
71346	2548467
61854	1898235
34936	601798
40594	809215
31266	479531
29895	436470
16443	123118
50051	1247683
82636	3425272
18447	157310
54170	1459026
44237	962749
45579	1022938
17139	133872
6315	11838
37229	684531
41061	831041
29437	424364
85826	3704651
42336	883953
40777	819492
100002	5047073
96720	4720721
89603	4045639
95230	4575117
90143	4095434
40362	800486
57714	1653252
19694	183641
32748	526686
61796	1893956
12657	68537
56931	1607182
29398	422895
23619	268313
62321	1923255
19300	175572
89865	4068328
96063	4656752
6277	11491
20817	207934
101210	5180365
22989	254042
16384	122335
100644	5109873
54755	1491415
73293	2697935
44052	955134
49003	1192275
94093	4455098
14845	97362
87563	3860860
83521	3502441
67389	2263518
91210	4186217
63114	1969435
97444	4794326
8862	30545
47103	1098719
51878	1342651
68874	2375286
85529	3677169
83782	3521845
79274	3143588
30308	450548
97461	4798108
37098	679850
97483	4802147
12967	73361
17482	139098
48580	1175080
98968	4949037
84288	3565216
72760	2657004
51620	1328643
46552	1068413
88032	3900173
28653	401898
21256	217165
34365	580424
84847	3609372
45649	1028218
18050	149812
102287	5300413
7009	16487
74566	2792181
39524	771812
86607	3776788
12712	69649
16788	128686
29436	424048
30137	444001
102590	5338863
11265	52405
28029	384245
86154	3736183
17924	147456
102300	5303148
51863	1341741
102451	5323364
65144	2117051
98137	4865992
5806	8750
97926	4846640
21547	221928
19634	182072
93579	4403426
97621	4813851
30200	446474
74693	2802198
47669	1127876
12408	64556
64736	2086791
81775	3345034
64861	2098692
91615	4222348
13658	82432
50715	1285334
34969	603792
85062	3631382
7152	17446
22940	253036
67152	2246729
44989	994177
36752	666781
69145	2396512
98691	4919273
69100	2393555
66971	2235940
88539	3943152
47957	1143941
7126	17154
92737	4324529
101677	5227820
15455	108154
49663	1226435
77580	3024007
17317	137244
78576	3094531
97672	4821276
6697	14491
99180	4967638
83867	3530482
47173	1103229
33320	545437
20287	196547
100672	5113318
46500	1066269
44117	957437
23367	261599
90343	4111798
31782	493947
66556	2211343
37657	702396
53966	1449711
37580	699424
37418	691819
75229	2845811
88972	3980365
101500	5211569
25165	303708
50086	1249569
13206	76515
6840	15413
99462	4994775
29467	425702
48522	1171217
76203	2919569
27722	373532
66408	2202396
28576	399657
59772	1770246
70292	2475322
86952	3804108
30767	464317
34266	575618
40231	795028
75886	2892101
49783	1232422
16370	122057
85165	3643488
102352	5312025
100931	5147812
62313	1922381
93916	4432540
81621	3328016
41896	865818
27140	353748
28574	399337
21751	225596
75310	2851914
64777	2090077
52634	1379298
45913	1039767
22341	239288
25242	305934
75269	2848846
47887	1139838
77069	2988532
6718	14613
40010	786191
15644	111261
79621	3173426
18454	157558
88136	3911889
85149	3641945
53231	1411115
13662	82597
82683	3430562
55592	1536178
76644	2952701
48584	1175671
76705	2959705
49958	1242837
57007	1613945
42927	908940
73861	2744165
30782	465179
31076	473439
93087	4355862
72323	2624251
42944	909734
12456	65332
94709	4517663
85623	3687267
35180	611382
98451	4899380
69299	2405340
73805	2734644
98845	4933927
31135	474975
14549	93133
79308	3147330
20735	206255
35630	627922
61223	1856572
68449	2335781
17499	139414
66279	2192772
95096	4562923
101397	5201161
68789	2369584
13551	80783
76734	2963925
67824	2296639
52931	1396729
19955	188770
89039	3988739
28738	404274
45648	1027732
19488	179303
73265	2694686
93447	4393436
12601	67448
55402	1525329
77643	3030378
52902	1392752
33491	552685
49504	1219501
29766	432461
27418	362696
94454	4484561
57826	1659976
76497	2941643
72858	2665737
62901	1957061
12906	72332
73101	2684216
27837	376498
18343	155481
45184	1003070
55776	1546340
50970	1297988
24761	292997
17759	144630
59755	1769133
91621	4223551
12068	60354
82627	3422401
69040	2387992
26251	330037
52970	1398831
85172	3644649
85505	3673551
62980	1960786
100764	5125092
94336	4474207
65292	2128463
94021	4446954
54623	1483409
38456	731783
89243	4011376
21965	231433
65657	2154268
40948	827091
89694	4055161
86044	3723598
43408	927939
34187	573243
21447	220677
54786	1492817
78305	3077536
13546	80610
30656	460433
89015	3985874
91792	4241597
37747	705232
11810	57201
17895	146842
70897	2515948
39220	759493
66663	2218250
44426	970015
39463	767806
8987	31457
102627	5344920
92982	4349079
37165	681839
98860	4936667
22067	233869
55934	1555812
37208	683767
18723	163732
89524	4036657
70248	2472354
17724	143971
53912	1446075
9051	32073
8525	28273
59825	1773631
45532	1020033
64451	2069796
27526	366373
54798	1493695
57507	1639172
49110	1198356
88253	3923301
41847	863527
89688	4053990
96971	4749567
12188	61585
80176	3216572
65041	2110420
69733	2433091
73853	2741640
101545	5215920
45755	1032458
99364	4984849
51271	1311868
26378	333798
96149	4662859
83270	3479314
90082	4089039
93358	4382668
47533	1122722
89492	4033404
91199	4184797
93386	4385863
99598	5007621
59623	1759188
28027	383931
63131	1970605
20325	197763
67034	2239398
42754	901809
84873	3613052
35203	612500
31312	480558
77040	2986634
100571	5097066
50492	1271474
12078	60528
44139	959261
48577	1174515
94758	4522856
11622	56037
50452	1267909
56708	1594574
61745	1891146
101032	5161091
86690	3782160
93707	4414183
39003	750935
34087	570176
20011	190554
12796	70922
34604	589056
41729	858538
102511	5329580
53405	1418969
37526	696497
42073	875037
8519	28157
19914	187767
87893	3888701
101570	5218228
12614	67780
48336	1163295
8913	30913
59547	1755145
63969	2029110
27996	382930
65649	2152683
101708	5233508
88390	3933851
25882	321404
49946	1241527
51426	1320000
100620	5106631
54265	1463789
12917	72534
39391	765197
82563	3414757
24165	279239
63843	2021891
89329	4017948
63445	1995821
10664	46870
88971	3979426
19031	169587
24498	287624
41098	833040
93919	4433631
16356	121786
17634	142688
40414	802340
24767	293320
17532	140222
20378	198703
68920	2378966
71569	2562204
73798	2733636
62888	1955376
54854	1498550
19295	175326
65459	2140513
96563	4705291
70006	2453224
29192	415755
23523	266020
21953	231085
89024	3987173
40396	801568
28505	397785
44998	994836
84463	3579417
38896	746889
75901	2894207
45915	1040275
5460	7011
90327	4109254
15055	101576
58354	1689299
37067	678909
101197	5177665
8244	26191
28119	386924
10213	41876
64760	2088875
102129	5282949
99981	5045008
102435	5320471
26446	335753
6299	11604
87367	3840751
92829	4336301
41539	849996
102271	5297521
71110	2532846
98538	4904703
27697	372348
72428	2631719
18603	160953
19439	177843
76112	2913017
6932	16002
50962	1297271
13228	76777
84691	3596762
7238	18053
100597	5103441
61388	1866534
30316	450976
38154	719813
58902	1717084
51225	1309143
85706	3693434
87145	3820465
46966	1091709
18126	151196
35476	620865
13353	78482
84966	3624713
94820	4531552
75716	2879509
18672	162703
41873	864917
39537	772466
10681	47175
31062	472907
74465	2785404
52738	1385224
18659	162401
end data 
