##
##EDUK source data file build with formula: nsds2; seed: 720843886; wmin: 20000; wmax: 1020000; pmin: 1; pmax: 2000001; c: 1669722; n: 1000; interest: 1; step: 500

n: 1000

c: 1669722                              

begin data 
480740	601175
285078	354326
963725	1210611
311146	386639
245632	305112
774800	969949
201383	249666
241449	299951
366060	456339
216470	268631
316668	393483
167994	207664
370336	461289
683731	857860
246346	305870
83195	100616
655602	822093
306367	380529
159380	196582
178099	220203
794667	994460
270994	335913
537843	673206
438652	549466
269731	334296
143912	177128
469988	588815
772111	966541
767431	960757
882578	1107244
752465	943033
307026	381210
1007356	1265232
808906	1013433
598774	750555
692475	867632
328862	410254
155046	190684
359902	448942
673446	844392
468518	587091
466289	584274
669379	838969
1018349	1278919
496672	621028
183014	227046
686970	861583
621348	778604
457917	574062
859256	1077273
324344	403906
469746	588517
340918	424779
125706	153845
216236	268224
620695	777542
232550	288370
811362	1016497
849301	1064712
102260	124152
128714	157757
361415	450591
214327	265554
747569	937095
464649	582481
948132	1190501
772978	967557
422747	529196
174482	215890
650145	815119
632415	793266
830715	1041413
788268	986461
440130	551314
500170	625830
523971	656753
1017770	1278342
414317	517945
279065	346462
34710	38291
648591	813401
781965	978682
1007986	1266162
530023	664468
846047	1060627
526829	660163
908160	1139433
220334	272696
393251	490426
895578	1123666
288689	359328
709503	888936
981480	1232264
959249	1205265
352336	438993
802458	1004478
260441	323825
75127	89999
487171	609034
971029	1219582
421470	527746
291294	362923
61885	73083
251498	312318
623732	781700
54959	63882
48116	55864
603013	755777
164827	203641
442510	554295
229066	283903
155213	190913
754476	945553
141497	173870
908904	1140229
933727	1171969
360677	449985
741292	928572
26632	28451
747190	936672
539328	675250
369838	460700
754647	946000
766064	959068
284330	353246
551878	690955
170187	210591
227806	282239
414207	517864
868735	1090000
333908	415863
573249	718192
594190	744556
104081	126605
412736	516000
884645	1109868
570259	714322
944031	1185649
176595	218539
158018	194987
221029	273623
1007887	1265963
43823	50470
400910	499910
623017	780599
749109	938935
389990	486639
86425	104432
87936	106403
639963	802272
201784	250282
84806	102568
301735	375164
742706	930602
856228	1073361
177795	219776
460751	577483
564523	706236
174981	216361
620120	776886
55073	64003
350662	437121
664724	833440
393699	490900
837731	1050400
720980	902449
638112	800143
29146	31212
670801	840863
772796	967297
467718	586188
688729	863841
621034	778035
295321	367625
128859	157885
313415	389215
183879	228194
230004	284949
844314	1058481
284887	354013
831485	1042417
941470	1182494
483197	604581
711956	891379
702780	880685
89765	108628
679597	852552
280007	347571
486800	608534
725519	908440
160230	197467
792305	991156
409480	511176
766375	959517
523420	655725
248234	308457
695294	870845
473188	592065
50141	58217
410988	513311
418624	524062
538646	674302
938000	1177732
527444	661085
765974	959010
64529	76664
219665	272242
548112	686330
333270	415112
45400	52620
417902	523088
529085	663321
709921	889177
743290	931344
799218	1000264
645716	809671
666828	835792
996681	1252129
667995	837153
406906	507961
355500	443117
994335	1249015
462185	579476
60715	71444
49432	57255
284200	353101
401100	500313
693702	869299
178600	221292
624580	782878
329044	410437
568019	711045
880425	1104916
462786	580111
713901	894073
210114	260378
804287	1006982
292103	363856
378696	472071
923491	1158888
299839	372934
143249	176166
238382	295913
176757	218581
974448	1223696
578929	725854
141063	173390
306180	380341
961002	1207353
70409	84636
577823	724539
43336	49731
144458	177705
164210	202736
213631	264833
569480	712963
802873	1005025
315887	392572
378524	471684
52365	60708
616845	772845
610562	764791
46110	53545
569609	713343
686527	861156
184411	228851
450562	564395
494259	617879
564389	706098
56908	66266
176995	218882
946402	1188246
388509	484606
543439	680448
45910	53228
119804	145964
604297	757192
430721	540302
1006750	1264535
662224	830075
555354	695084
445270	557683
587167	736010
951140	1194127
255100	316629
615338	770871
546606	684611
279868	347403
835118	1046725
791356	990023
751374	942011
86597	104566
903664	1133630
1003752	1260535
381975	476233
839477	1052568
106988	130026
261521	325016
558536	698881
202589	250993
204572	253759
580078	727579
984013	1235599
329656	411020
917301	1151232
745190	933700
36980	40875
990962	1244841
31427	34348
211540	262336
428204	537119
31681	34890
902403	1132031
564568	706461
601297	753780
655369	821809
411864	514699
482007	602758
553017	692223
520067	651009
38396	43048
530250	664713
783547	980859
707736	886766
96187	116768
94193	114328
197069	244644
417061	521959
233281	289326
821779	1030190
571868	716411
355867	443601
660621	828132
62804	74291
521824	653629
169699	209828
201001	249330
545985	683659
747467	936969
216959	269106
349934	436246
171215	211971
43365	49745
545533	683063
268610	332689
32707	35951
374853	467078
604434	757363
685662	860083
554001	693333
896173	1124299
760565	953045
882548	1107187
231407	286822
849209	1064625
456937	572687
309328	384259
175799	217679
270118	334690
122928	150038
1002538	1259150
589023	738370
679840	852781
731805	916358
141895	174496
47199	54648
976810	1226435
605615	758722
797529	998157
395778	493574
630263	790340
369675	460650
52350	60593
542517	679437
914896	1148123
493043	615984
565271	707338
68640	81999
424627	532251
937755	1177383
406628	507576
112419	136520
618476	774830
444771	557145
942199	1183430
401634	501155
407733	508992
382221	476450
409150	510568
696931	873186
368305	459199
57316	66818
945395	1187189
189127	234609
932755	1170848
441809	553403
637542	799474
185318	229745
563170	704772
745814	934690
104033	126512
601595	754048
360125	449220
23200	24408
548057	686315
591925	741884
950773	1193616
388768	484950
436323	547078
255083	316556
334299	416411
818935	1026407
140692	173086
331672	413327
481016	601509
349699	435992
290558	361961
801902	1003913
557995	698378
35948	39948
456317	571825
323268	402779
678416	850992
77447	93395
591564	741359
518575	649225
537599	673006
866537	1087171
898213	1126798
154719	190191
180573	224003
145579	179029
77236	93228
970747	1219249
868061	1089223
73775	88382
976293	1225813
674184	845265
407817	509097
295874	368265
920337	1154843
296340	368749
419848	525626
44584	51474
61056	71925
308271	383124
986055	1238337
1010899	1269948
96380	116910
296577	369063
846314	1061047
74403	89067
554504	694016
144968	178183
319493	397524
53737	62289
131263	160941
256217	317816
310725	385955
134062	164535
628263	787874
25846	27630
422772	529292
79981	97013
97571	118138
20041	20136
664142	832803
113859	138480
753142	943938
819699	1027516
872730	1095220
497177	621771
922958	1158266
695126	870741
164357	202991
554858	694380
953014	1196839
515494	645221
592981	743149
83677	101258
946321	1188241
208138	258151
920918	1155514
180871	224372
222179	275235
389368	485831
140189	172403
381220	475131
147359	181087
484967	606415
997870	1253860
588387	737609
315406	391879
533816	668738
883100	1107863
895106	1123074
100295	121507
238402	296023
740069	927061
594317	744728
101516	123071
988134	1241140
397141	495160
907542	1138368
226250	280247
466149	584168
828751	1038933
241146	299500
966041	1213622
126984	155367
493131	616128
912784	1144952
867852	1089171
54434	63167
322185	401186
94062	114191
765921	958919
714566	894806
91645	111027
376036	468417
380923	474861
167335	207008
510288	638350
48552	56506
164682	203325
621848	779009
867535	1088618
115726	140985
439917	551007
1015925	1275958
778842	974917
815497	1022183
256754	318378
263032	326794
105550	128488
62615	74094
841181	1054943
894195	1121578
703884	882024
956570	1201515
130546	160190
425606	533338
61127	71931
168962	208999
869441	1090930
1003028	1259710
176379	218332
739013	925718
252150	313254
610135	764102
229302	284195
272735	338184
24339	25604
278247	345418
204862	254070
22812	24137
44324	51062
446073	558862
981142	1231778
451550	565750
878721	1103067
154832	190408
603586	756341
85747	103635
787894	986124
936129	1175098
955394	1199990
791001	989677
940193	1180668
600200	752433
676629	848778
467478	585779
847545	1062404
109068	132773
87276	105618
399194	497808
478590	598702
704331	882453
255675	317179
260056	323251
374150	466349
609566	763393
975315	1224810
761631	954158
420227	525976
958083	1203537
683926	858026
945085	1186737
688764	863874
623630	781578
708709	887861
1006102	1263535
558406	698737
88398	106820
1013407	1272703
399164	497683
177128	218944
121474	148358
1012940	1272183
824892	1034369
254038	315384
914580	1147700
331716	413608
91583	111001
102429	124414
568819	712097
652325	818148
511676	640117
389852	486440
879122	1103465
69702	83540
35846	39874
607011	760389
555452	695185
452685	567193
142941	175807
201961	250460
645273	808832
125580	153535
963091	1209976
415017	519155
303497	377027
403755	503972
574333	719786
953099	1197086
496874	621267
580777	728463
913931	1146774
993700	1248077
219379	271949
136751	167698
477963	597894
463272	580821
110043	133668
705654	883991
832254	1043401
140515	172791
516593	646782
425594	533292
365122	455105
381624	475659
203103	251643
631922	792497
469436	588176
28737	30667
687741	862591
492343	615061
76045	91329
238085	295726
81794	99161
861516	1080206
638176	800236
246304	305822
822513	1030900
753663	944598
67412	80502
546368	684264
126039	154138
359864	448820
52713	61152
860361	1078880
686313	860747
410634	512733
575280	721056
659583	826598
488374	610494
575627	721497
403356	503287
141246	173661
766843	960135
483526	604763
414824	518886
391103	487645
298834	371691
113565	137955
932537	1170601
531919	666651
312685	388624
243238	302135
677760	850128
256265	317896
164305	202790
421711	528029
139904	171961
854464	1070826
868245	1089356
1016560	1276795
991822	1245560
960306	1206450
664451	833248
214954	266476
45549	52797
275515	341884
686760	861437
792854	992048
499612	625110
580570	728162
280045	347631
392778	489747
419643	525117
435476	545842
957467	1202587
364253	453923
90018	108926
274973	341151
687958	862938
380500	474368
1005439	1262789
228261	282681
116806	142575
294765	366964
965642	1213109
67098	80152
578967	725981
611715	766239
671040	841135
574274	719678
790472	989106
753190	944001
577021	723383
54068	62687
849132	1064398
595186	746047
194951	241783
966285	1213955
387691	483666
520079	651116
205325	254825
215470	267099
637444	799363
732911	917595
263193	327057
806436	1010457
828202	1038334
64512	76603
692943	868290
166414	205505
360413	449657
987825	1240814
970069	1218368
741183	928436
285486	355143
82345	99751
972637	1221398
462765	580098
644702	808030
56628	65794
943580	1185197
60613	71301
266171	330169
86775	104780
346652	431684
194235	240989
912150	1144241
240528	298618
951530	1194914
884102	1109268
499234	624542
275136	341252
320063	398315
723928	906461
825303	1034790
171065	211576
859828	1078132
412671	515801
421010	527063
712377	891870
261974	325674
585438	734028
619756	776604
74222	88889
204523	253690
227216	281424
94890	115201
341060	424886
99115	120151
322664	401883
523189	655397
867774	1088793
273807	339623
861962	1081031
304163	378003
762850	955393
101438	123018
120104	146408
150258	184693
474016	593329
824761	1034285
369246	460272
892557	1119720
198409	245907
863253	1082626
363169	452654
480256	600750
854586	1071047
650912	816274
323120	402528
285097	354413
122785	150019
779167	975191
320718	399203
620726	777547
892279	1119440
855001	1071668
583637	731910
62364	73724
307806	382230
244480	303786
869322	1090851
416366	520798
157003	193359
726172	909268
667842	836966
239562	297496
359315	448124
110775	134803
96162	116684
392691	489635
482996	604310
969857	1217993
851074	1066948
196147	243513
105540	128477
349338	435640
698766	875672
436177	546903
397935	496157
893846	1121033
122249	149209
474402	593947
250626	311442
605861	758993
456856	572486
519430	650317
724325	906878
460730	577435
660667	828140
186816	231675
279198	346746
573253	718304
995436	1250681
140708	173125
83692	101268
506136	633136
671096	841235
615485	771114
130131	159754
246684	306230
699193	876094
318234	395820
981530	1232281
247560	307474
212119	263053
117140	142966
91542	110901
909144	1140642
880914	1105330
756334	948101
171786	212517
211798	262669
609249	762963
913943	1146852
60986	71781
394173	491563
437933	548709
720523	902026
571291	715677
103981	126424
154240	189291
63957	75766
829151	1039395
644167	807589
220276	272665
252201	313354
66872	79893
721135	902724
360622	449789
857889	1075657
948485	1190762
288086	358442
248931	309168
503525	630105
301497	375005
500582	626385
695389	871053
290986	362596
1012633	1271828
72135	86439
841857	1055705
392353	489339
503872	630343
568151	711204
773202	967878
701301	878712
550445	689235
111100	135410
70535	84785
559915	700620
145491	178853
960220	1206290
188309	233680
1013802	1273085
156408	192470
898597	1127421
147403	181103
45483	52785
910614	1142421
150633	184930
69840	83882
610408	764557
53744	62366
166605	205852
809479	1014269
361204	450362
567208	710030
258575	321068
821163	1029390
806473	1010505
245795	305517
389061	485412
755574	946972
286136	355846
395684	493525
962432	1209055
514184	643749
465976	583892
705180	883511
152868	187555
223639	277020
252938	314107
119742	145796
528129	661886
681552	855151
121161	147884
75948	91152
491687	614399
360269	449465
193609	239978
68321	81518
609773	763648
961853	1208364
424065	531036
614120	769545
301139	374513
613693	768799
221044	273699
331936	413757
387469	483471
530048	664583
362109	451260
909797	1141517
805400	1008768
242829	301607
550657	689498
658522	825552
873836	1096636
56346	65450
580595	728199
75647	90746
203856	252717
739122	925779
455029	570044
937381	1177004
381175	475029
814938	1021585
233085	289117
132442	162615
133104	163509
425029	532454
603597	756396
169310	209233
734731	920327
723613	906094
47272	54744
173449	214618
107129	130242
571078	715444
81090	98755
734278	919733
248053	308179
600511	752819
189485	235121
963781	1210704
217209	269266
768005	961239
836995	1049245
290477	361826
595698	746612
843608	1057494
597260	749043
112055	136375
833956	1045357
168557	208517
257496	319370
778533	974709
465444	583236
384128	479103
396946	494943
463589	581050
752588	943219
end data 
