##
##EDUK source data file build with formula: nsds2; seed: 720843886; wmin: 20000; wmax: 1020000; pmin: 1; pmax: 2000001; c: 1669722; n: 5000; interest: 1; step: 500

n: 5000

c: 1669722                              

begin data 
480740	601175
285078	354326
963725	1210611
311146	386639
245632	305112
774800	969949
201383	249666
241449	299951
366060	456339
216470	268631
316668	393483
167994	207664
370336	461289
683731	857860
246346	305870
83195	100616
655602	822093
306367	380529
159380	196582
178099	220203
794667	994460
270994	335913
537843	673206
438652	549466
269731	334296
143912	177128
469988	588815
772111	966541
767431	960757
882578	1107244
752465	943033
307026	381210
1007356	1265232
808906	1013433
598774	750555
692475	867632
328862	410254
155046	190684
359902	448942
673446	844392
468518	587091
466289	584274
669379	838969
1018349	1278919
496672	621028
183014	227046
686970	861583
621348	778604
457917	574062
859256	1077273
324344	403906
469746	588517
340918	424779
125706	153845
216236	268224
620695	777542
232550	288370
811362	1016497
849301	1064712
102260	124152
128714	157757
361415	450591
214327	265554
747569	937095
464649	582481
948132	1190501
772978	967557
422747	529196
174482	215890
650145	815119
632415	793266
830715	1041413
788268	986461
440130	551314
500170	625830
523971	656753
1017770	1278342
414317	517945
279065	346462
34710	38291
648591	813401
781965	978682
1007986	1266162
530023	664468
846047	1060627
526829	660163
908160	1139433
220334	272696
393251	490426
895578	1123666
288689	359328
709503	888936
981480	1232264
959249	1205265
352336	438993
802458	1004478
260441	323825
75127	89999
487171	609034
971029	1219582
421470	527746
291294	362923
61885	73083
251498	312318
623732	781700
54959	63882
48116	55864
603013	755777
164827	203641
442510	554295
229066	283903
155213	190913
754476	945553
141497	173870
908904	1140229
933727	1171969
360677	449985
741292	928572
26632	28451
747190	936672
539328	675250
369838	460700
754647	946000
766064	959068
284330	353246
551878	690955
170187	210591
227806	282239
414207	517864
868735	1090000
333908	415863
573249	718192
594190	744556
104081	126605
412736	516000
884645	1109868
570259	714322
944031	1185649
176595	218539
158018	194987
221029	273623
1007887	1265963
43823	50470
400910	499910
623017	780599
749109	938935
389990	486639
86425	104432
87936	106403
639963	802272
201784	250282
84806	102568
301735	375164
742706	930602
856228	1073361
177795	219776
460751	577483
564523	706236
174981	216361
620120	776886
55073	64003
350662	437121
664724	833440
393699	490900
837731	1050400
720980	902449
638112	800143
29146	31212
670801	840863
772796	967297
467718	586188
688729	863841
621034	778035
295321	367625
128859	157885
313415	389215
183879	228194
230004	284949
844314	1058481
284887	354013
831485	1042417
941470	1182494
483197	604581
711956	891379
702780	880685
89765	108628
679597	852552
280007	347571
486800	608534
725519	908440
160230	197467
792305	991156
409480	511176
766375	959517
523420	655725
248234	308457
695294	870845
473188	592065
50141	58217
410988	513311
418624	524062
538646	674302
938000	1177732
527444	661085
765974	959010
64529	76664
219665	272242
548112	686330
333270	415112
45400	52620
417902	523088
529085	663321
709921	889177
743290	931344
799218	1000264
645716	809671
666828	835792
996681	1252129
667995	837153
406906	507961
355500	443117
994335	1249015
462185	579476
60715	71444
49432	57255
284200	353101
401100	500313
693702	869299
178600	221292
624580	782878
329044	410437
568019	711045
880425	1104916
462786	580111
713901	894073
210114	260378
804287	1006982
292103	363856
378696	472071
923491	1158888
299839	372934
143249	176166
238382	295913
176757	218581
974448	1223696
578929	725854
141063	173390
306180	380341
961002	1207353
70409	84636
577823	724539
43336	49731
144458	177705
164210	202736
213631	264833
569480	712963
802873	1005025
315887	392572
378524	471684
52365	60708
616845	772845
610562	764791
46110	53545
569609	713343
686527	861156
184411	228851
450562	564395
494259	617879
564389	706098
56908	66266
176995	218882
946402	1188246
388509	484606
543439	680448
45910	53228
119804	145964
604297	757192
430721	540302
1006750	1264535
662224	830075
555354	695084
445270	557683
587167	736010
951140	1194127
255100	316629
615338	770871
546606	684611
279868	347403
835118	1046725
791356	990023
751374	942011
86597	104566
903664	1133630
1003752	1260535
381975	476233
839477	1052568
106988	130026
261521	325016
558536	698881
202589	250993
204572	253759
580078	727579
984013	1235599
329656	411020
917301	1151232
745190	933700
36980	40875
990962	1244841
31427	34348
211540	262336
428204	537119
31681	34890
902403	1132031
564568	706461
601297	753780
655369	821809
411864	514699
482007	602758
553017	692223
520067	651009
38396	43048
530250	664713
783547	980859
707736	886766
96187	116768
94193	114328
197069	244644
417061	521959
233281	289326
821779	1030190
571868	716411
355867	443601
660621	828132
62804	74291
521824	653629
169699	209828
201001	249330
545985	683659
747467	936969
216959	269106
349934	436246
171215	211971
43365	49745
545533	683063
268610	332689
32707	35951
374853	467078
604434	757363
685662	860083
554001	693333
896173	1124299
760565	953045
882548	1107187
231407	286822
849209	1064625
456937	572687
309328	384259
175799	217679
270118	334690
122928	150038
1002538	1259150
589023	738370
679840	852781
731805	916358
141895	174496
47199	54648
976810	1226435
605615	758722
797529	998157
395778	493574
630263	790340
369675	460650
52350	60593
542517	679437
914896	1148123
493043	615984
565271	707338
68640	81999
424627	532251
937755	1177383
406628	507576
112419	136520
618476	774830
444771	557145
942199	1183430
401634	501155
407733	508992
382221	476450
409150	510568
696931	873186
368305	459199
57316	66818
945395	1187189
189127	234609
932755	1170848
441809	553403
637542	799474
185318	229745
563170	704772
745814	934690
104033	126512
601595	754048
360125	449220
23200	24408
548057	686315
591925	741884
950773	1193616
388768	484950
436323	547078
255083	316556
334299	416411
818935	1026407
140692	173086
331672	413327
481016	601509
349699	435992
290558	361961
801902	1003913
557995	698378
35948	39948
456317	571825
323268	402779
678416	850992
77447	93395
591564	741359
518575	649225
537599	673006
866537	1087171
898213	1126798
154719	190191
180573	224003
145579	179029
77236	93228
970747	1219249
868061	1089223
73775	88382
976293	1225813
674184	845265
407817	509097
295874	368265
920337	1154843
296340	368749
419848	525626
44584	51474
61056	71925
308271	383124
986055	1238337
1010899	1269948
96380	116910
296577	369063
846314	1061047
74403	89067
554504	694016
144968	178183
319493	397524
53737	62289
131263	160941
256217	317816
310725	385955
134062	164535
628263	787874
25846	27630
422772	529292
79981	97013
97571	118138
20041	20136
664142	832803
113859	138480
753142	943938
819699	1027516
872730	1095220
497177	621771
922958	1158266
695126	870741
164357	202991
554858	694380
953014	1196839
515494	645221
592981	743149
83677	101258
946321	1188241
208138	258151
920918	1155514
180871	224372
222179	275235
389368	485831
140189	172403
381220	475131
147359	181087
484967	606415
997870	1253860
588387	737609
315406	391879
533816	668738
883100	1107863
895106	1123074
100295	121507
238402	296023
740069	927061
594317	744728
101516	123071
988134	1241140
397141	495160
907542	1138368
226250	280247
466149	584168
828751	1038933
241146	299500
966041	1213622
126984	155367
493131	616128
912784	1144952
867852	1089171
54434	63167
322185	401186
94062	114191
765921	958919
714566	894806
91645	111027
376036	468417
380923	474861
167335	207008
510288	638350
48552	56506
164682	203325
621848	779009
867535	1088618
115726	140985
439917	551007
1015925	1275958
778842	974917
815497	1022183
256754	318378
263032	326794
105550	128488
62615	74094
841181	1054943
894195	1121578
703884	882024
956570	1201515
130546	160190
425606	533338
61127	71931
168962	208999
869441	1090930
1003028	1259710
176379	218332
739013	925718
252150	313254
610135	764102
229302	284195
272735	338184
24339	25604
278247	345418
204862	254070
22812	24137
44324	51062
446073	558862
981142	1231778
451550	565750
878721	1103067
154832	190408
603586	756341
85747	103635
787894	986124
936129	1175098
955394	1199990
791001	989677
940193	1180668
600200	752433
676629	848778
467478	585779
847545	1062404
109068	132773
87276	105618
399194	497808
478590	598702
704331	882453
255675	317179
260056	323251
374150	466349
609566	763393
975315	1224810
761631	954158
420227	525976
958083	1203537
683926	858026
945085	1186737
688764	863874
623630	781578
708709	887861
1006102	1263535
558406	698737
88398	106820
1013407	1272703
399164	497683
177128	218944
121474	148358
1012940	1272183
824892	1034369
254038	315384
914580	1147700
331716	413608
91583	111001
102429	124414
568819	712097
652325	818148
511676	640117
389852	486440
879122	1103465
69702	83540
35846	39874
607011	760389
555452	695185
452685	567193
142941	175807
201961	250460
645273	808832
125580	153535
963091	1209976
415017	519155
303497	377027
403755	503972
574333	719786
953099	1197086
496874	621267
580777	728463
913931	1146774
993700	1248077
219379	271949
136751	167698
477963	597894
463272	580821
110043	133668
705654	883991
832254	1043401
140515	172791
516593	646782
425594	533292
365122	455105
381624	475659
203103	251643
631922	792497
469436	588176
28737	30667
687741	862591
492343	615061
76045	91329
238085	295726
81794	99161
861516	1080206
638176	800236
246304	305822
822513	1030900
753663	944598
67412	80502
546368	684264
126039	154138
359864	448820
52713	61152
860361	1078880
686313	860747
410634	512733
575280	721056
659583	826598
488374	610494
575627	721497
403356	503287
141246	173661
766843	960135
483526	604763
414824	518886
391103	487645
298834	371691
113565	137955
932537	1170601
531919	666651
312685	388624
243238	302135
677760	850128
256265	317896
164305	202790
421711	528029
139904	171961
854464	1070826
868245	1089356
1016560	1276795
991822	1245560
960306	1206450
664451	833248
214954	266476
45549	52797
275515	341884
686760	861437
792854	992048
499612	625110
580570	728162
280045	347631
392778	489747
419643	525117
435476	545842
957467	1202587
364253	453923
90018	108926
274973	341151
687958	862938
380500	474368
1005439	1262789
228261	282681
116806	142575
294765	366964
965642	1213109
67098	80152
578967	725981
611715	766239
671040	841135
574274	719678
790472	989106
753190	944001
577021	723383
54068	62687
849132	1064398
595186	746047
194951	241783
966285	1213955
387691	483666
520079	651116
205325	254825
215470	267099
637444	799363
732911	917595
263193	327057
806436	1010457
828202	1038334
64512	76603
692943	868290
166414	205505
360413	449657
987825	1240814
970069	1218368
741183	928436
285486	355143
82345	99751
972637	1221398
462765	580098
644702	808030
56628	65794
943580	1185197
60613	71301
266171	330169
86775	104780
346652	431684
194235	240989
912150	1144241
240528	298618
951530	1194914
884102	1109268
499234	624542
275136	341252
320063	398315
723928	906461
825303	1034790
171065	211576
859828	1078132
412671	515801
421010	527063
712377	891870
261974	325674
585438	734028
619756	776604
74222	88889
204523	253690
227216	281424
94890	115201
341060	424886
99115	120151
322664	401883
523189	655397
867774	1088793
273807	339623
861962	1081031
304163	378003
762850	955393
101438	123018
120104	146408
150258	184693
474016	593329
824761	1034285
369246	460272
892557	1119720
198409	245907
863253	1082626
363169	452654
480256	600750
854586	1071047
650912	816274
323120	402528
285097	354413
122785	150019
779167	975191
320718	399203
620726	777547
892279	1119440
855001	1071668
583637	731910
62364	73724
307806	382230
244480	303786
869322	1090851
416366	520798
157003	193359
726172	909268
667842	836966
239562	297496
359315	448124
110775	134803
96162	116684
392691	489635
482996	604310
969857	1217993
851074	1066948
196147	243513
105540	128477
349338	435640
698766	875672
436177	546903
397935	496157
893846	1121033
122249	149209
474402	593947
250626	311442
605861	758993
456856	572486
519430	650317
724325	906878
460730	577435
660667	828140
186816	231675
279198	346746
573253	718304
995436	1250681
140708	173125
83692	101268
506136	633136
671096	841235
615485	771114
130131	159754
246684	306230
699193	876094
318234	395820
981530	1232281
247560	307474
212119	263053
117140	142966
91542	110901
909144	1140642
880914	1105330
756334	948101
171786	212517
211798	262669
609249	762963
913943	1146852
60986	71781
394173	491563
437933	548709
720523	902026
571291	715677
103981	126424
154240	189291
63957	75766
829151	1039395
644167	807589
220276	272665
252201	313354
66872	79893
721135	902724
360622	449789
857889	1075657
948485	1190762
288086	358442
248931	309168
503525	630105
301497	375005
500582	626385
695389	871053
290986	362596
1012633	1271828
72135	86439
841857	1055705
392353	489339
503872	630343
568151	711204
773202	967878
701301	878712
550445	689235
111100	135410
70535	84785
559915	700620
145491	178853
960220	1206290
188309	233680
1013802	1273085
156408	192470
898597	1127421
147403	181103
45483	52785
910614	1142421
150633	184930
69840	83882
610408	764557
53744	62366
166605	205852
809479	1014269
361204	450362
567208	710030
258575	321068
821163	1029390
806473	1010505
245795	305517
389061	485412
755574	946972
286136	355846
395684	493525
962432	1209055
514184	643749
465976	583892
705180	883511
152868	187555
223639	277020
252938	314107
119742	145796
528129	661886
681552	855151
121161	147884
75948	91152
491687	614399
360269	449465
193609	239978
68321	81518
609773	763648
961853	1208364
424065	531036
614120	769545
301139	374513
613693	768799
221044	273699
331936	413757
387469	483471
530048	664583
362109	451260
909797	1141517
805400	1008768
242829	301607
550657	689498
658522	825552
873836	1096636
56346	65450
580595	728199
75647	90746
203856	252717
739122	925779
455029	570044
937381	1177004
381175	475029
814938	1021585
233085	289117
132442	162615
133104	163509
425029	532454
603597	756396
169310	209233
734731	920327
723613	906094
47272	54744
173449	214618
107129	130242
571078	715444
81090	98755
734278	919733
248053	308179
600511	752819
189485	235121
963781	1210704
217209	269266
768005	961239
836995	1049245
290477	361826
595698	746612
843608	1057494
597260	749043
112055	136375
833956	1045357
168557	208517
257496	319370
778533	974709
465444	583236
384128	479103
396946	494943
463589	581050
752588	943219
919798	1154321
61806	73024
878467	1102859
56199	65309
513317	642214
273676	339299
72928	87690
232202	287791
109561	133201
223526	276852
361654	450706
337106	419679
83568	101131
380025	473683
586348	734862
497143	621651
648787	813618
582997	731200
76487	92128
641871	804922
237169	294278
609174	762850
191824	238087
81429	98902
342064	426040
98484	119354
753529	944508
877205	1100866
785093	982638
103404	125588
458559	574870
378539	471757
786759	984665
502444	628681
312294	388220
220557	273032
172946	214014
324601	404309
816453	1023421
421203	527481
1007824	1265860
723031	905305
167595	207258
563093	704712
163993	202592
501033	626997
211402	262078
444514	556821
372626	464379
575790	721764
805631	1009213
268435	332639
863874	1083662
545135	682588
500756	626531
526593	659773
633422	794626
520728	651962
458685	575121
485121	606491
637222	798924
475697	595260
216873	268976
326852	407335
490720	613097
21809	22935
546660	684635
888758	1114771
818091	1025513
700358	877487
437473	548275
332004	413778
193405	239818
338359	421540
433930	544049
893392	1120778
49063	57169
210710	261204
777013	972718
398727	497209
251742	312796
114751	139694
395415	493220
358149	446477
110817	134874
952182	1195776
196798	244127
789120	987670
87510	105984
339783	423453
104997	127710
459825	576498
384290	479226
922452	1157613
765568	958621
753935	944936
355687	443390
925933	1162465
76248	91766
86749	104712
302149	375647
849846	1065585
270805	335648
272115	337397
1010456	1269304
546438	684368
398873	497384
578261	725063
302920	376494
91685	111066
37067	41252
732001	916623
524463	657329
493278	616303
446499	559308
70842	84970
220061	272454
932615	1170628
293459	365315
748770	938405
464311	582157
105977	128957
83022	100418
336100	418445
603176	755980
404185	504706
445946	558651
192815	239310
935204	1173832
741010	928225
643609	806898
250299	311016
822713	1031105
513581	642656
753001	943864
438365	549134
271439	336474
837476	1050171
553756	693058
60025	70411
887391	1113090
476924	596823
608770	762369
590624	740341
138877	170666
798187	998843
516572	646668
772321	966741
352040	438597
383504	478215
595430	746356
535188	670333
253794	315183
61712	72879
381943	475980
427275	535818
1012155	1271205
237301	294475
573652	718805
424862	532358
222959	276160
154946	190527
818855	1026250
517062	647238
426631	534824
56498	65571
194186	240844
425051	532568
721121	902575
474926	594435
177819	219887
212030	262913
269500	333959
342217	426158
181987	225692
783369	980679
676974	849242
695691	871551
936781	1176091
110706	134748
642719	805681
120833	147481
945759	1187545
735839	921987
725228	908051
988275	1241277
165983	205090
759894	952171
120942	147563
684921	859258
887196	1112783
472136	591145
972040	1220805
922268	1157400
755809	947312
491213	613625
550235	688763
111674	135785
373045	464946
488877	610832
204587	253843
236348	293357
248787	308991
300412	373929
314224	390323
607449	760951
100510	121848
693316	868733
289547	360622
779606	975721
695629	871451
917616	1151705
159011	196151
31082	33885
511047	639374
185928	230427
425791	533608
864501	1084509
266469	330454
461724	578654
984252	1236101
438067	548774
305193	379310
1007014	1264792
87199	105477
205570	254905
210986	261627
501501	627498
369093	459993
578739	725723
567122	709983
35133	38924
284532	353588
812025	1017532
963362	1210372
704915	883130
198712	246248
758105	950050
603857	756638
994871	1249749
817096	1024173
320537	398927
824635	1034005
327870	408767
465867	583664
578617	725519
41597	47403
611668	766152
646204	810188
25135	26578
933319	1171505
490692	613049
565922	708376
78679	94979
120396	146767
196000	243182
746968	936360
446795	559569
351613	438236
312961	388799
424779	532337
713576	893658
657863	824843
452126	566359
66543	79271
490126	612392
888846	1114946
51358	59685
186075	230640
148193	182262
297248	369856
159306	196439
165502	204521
242617	301226
916053	1149518
222037	274915
362528	451906
667908	837093
290698	362230
206837	256453
208207	258185
319431	397348
565554	707789
824505	1033794
429420	538680
566771	709787
138935	170866
44125	50786
344709	429540
739625	926591
670192	840032
371674	463050
836793	1048995
187605	232744
447316	560430
995653	1250977
698024	874492
690298	865395
449103	562552
325345	405160
905633	1136007
590986	740734
363020	452495
694319	869896
257674	319556
829957	1040554
35722	39768
92514	112116
318771	396377
308798	383674
294083	366099
649447	814552
597373	749173
779205	975243
168409	208293
499631	625161
592698	742808
90848	109773
155341	191042
177896	219996
484698	606088
316457	393390
23577	24953
687762	862800
148244	182325
856498	1073649
268148	332159
73640	88257
583766	732210
254258	315843
747941	937653
401093	500240
487525	609415
902747	1132741
79445	96161
30401	32971
227034	281059
424798	532346
413909	517563
559160	699718
393541	490792
657505	824338
750739	941224
855092	1071830
508276	635593
548986	687376
632446	793324
118990	144765
284768	353771
690863	866048
190968	237059
797067	997781
222479	275565
175532	217256
1010591	1269420
205190	254556
542328	679127
386950	482832
425520	533186
505040	631910
972958	1221803
50740	58717
623996	782018
940121	1180510
353778	440978
774050	968862
188553	234102
60324	70992
234152	290484
834867	1046455
616564	772510
118117	144009
616029	771727
95497	116038
143994	177142
186431	231035
310949	386282
863932	1083767
436695	547433
593327	743578
554047	693454
774358	969356
528575	662499
289654	360818
823095	1031545
804426	1007243
439404	550359
242210	300837
675356	846895
904700	1134889
843766	1057722
757789	949719
475746	595273
32832	36064
661187	828848
433467	543435
900022	1129288
827488	1037662
886125	1111532
416797	521487
863056	1082344
251476	312309
136196	167167
24713	25839
399717	498403
314917	391159
383586	478232
182547	226500
433894	543979
667189	836257
262618	326322
774317	969163
769618	963195
36439	40273
717577	898376
510209	638273
228216	282633
435570	545984
915542	1148856
567404	710241
132730	162984
77914	94167
623955	781905
315093	391587
909814	1141571
779939	976197
805155	1008498
896243	1124301
836580	1048647
518562	649154
200514	248644
103944	126332
981039	1231736
961207	1207449
733173	917945
195233	242245
651909	817418
892762	1120010
311213	386677
147039	180772
580917	728573
905957	1136426
904078	1134084
254140	315542
540721	677046
372745	464527
844944	1059213
168853	208832
219334	271855
143703	176880
375721	468082
848434	1063559
524787	657701
210779	261327
139289	171135
280624	348403
341875	425795
627311	786715
740775	927888
349232	435421
213999	265163
505626	632435
195142	242033
159527	196805
328303	409594
124859	152513
847720	1062783
249269	309503
611505	766014
809929	1014774
29321	31507
176210	218045
613387	768347
270202	334863
515312	645079
769257	962605
253886	315246
136959	167939
255595	317162
240376	298496
143592	176760
531506	666220
123281	150546
453013	567700
884348	1109566
844673	1058848
415729	520026
559036	699421
854617	1071105
385814	481250
449547	563320
756743	948437
362355	451656
620613	777493
656279	823101
336569	419021
350615	437023
533186	668086
519398	650223
747351	936840
717947	898985
431224	540604
979890	1230315
704213	882186
499255	624561
519034	649823
1015830	1275861
739882	926820
726419	909520
261428	324909
513011	641985
128363	157257
579972	727352
306984	381085
39988	45261
987679	1240535
711099	890673
141352	173804
273285	338878
338650	421907
23400	24685
527722	661422
986709	1239226
309738	384671
939818	1180059
31316	34329
206711	256287
424126	531143
411458	514179
199047	246623
594924	745669
329246	410762
376620	469135
402486	502311
389729	486187
1004024	1260925
85308	102964
629941	790067
796887	997491
870411	1092408
543988	681168
386341	481974
864308	1084217
783122	980292
210542	261054
896884	1125123
509774	637421
748593	938192
768169	961370
185338	229862
864148	1084032
252256	313377
807531	1011627
258902	321531
129292	158684
734906	920700
204454	253683
307960	382467
435705	546163
523414	655600
33233	36368
500276	626085
643949	807400
991359	1245187
752126	942871
616223	772095
541782	678608
796374	996983
588730	738316
281249	349421
190467	236410
982573	1233647
864742	1084823
582914	731089
203607	252322
461486	578370
725437	908305
951646	1194983
98007	118831
965156	1212596
253579	314854
183605	227707
55326	64246
272338	337566
32908	36147
298035	370731
253778	315072
417104	521998
130826	160503
262000	325763
307207	381611
987298	1239992
1019259	1279803
113371	137602
471756	590667
185784	230336
947467	1189656
68100	81269
418474	523766
699975	877118
324314	403793
848071	1063164
189930	235804
721165	902841
821686	1030049
955653	1200244
768225	961394
969711	1217873
481708	602448
1017332	1277692
63046	74553
233395	289557
218432	270610
1014516	1274075
796931	997559
306811	380865
250055	310770
631954	792711
890859	1117483
126801	155071
544724	682168
829743	1040147
789112	987644
902925	1132815
123858	151211
1009002	1267152
448106	561175
137875	169131
1012001	1271025
629957	790124
142184	174969
23871	25218
780430	976968
250356	311024
81067	98650
674870	846136
928387	1165461
165107	203895
312342	388256
100481	121767
332574	414313
595629	746505
67793	81129
708013	887118
441566	553226
313840	389757
553831	693140
249909	310520
634990	796594
56843	66101
616331	772212
418998	524353
679407	852234
305887	379892
809298	1013965
111231	135511
74454	89112
100794	122124
927753	1164763
91280	110582
397146	495170
889685	1116024
872557	1095101
952090	1195598
660912	828407
897058	1125439
36740	40682
589385	738890
826391	1036054
775662	970865
351137	437602
473071	591871
658654	825764
616539	772463
577162	723539
377181	470189
562438	703737
737816	924323
577920	724645
922139	1157294
77025	92957
600167	752276
34009	37403
977874	1227461
194449	241239
299790	372860
920277	1154659
334542	416823
594293	744650
200400	248505
312000	387793
84185	101873
442229	553958
727014	910215
451290	565446
613286	768208
30948	33742
137369	168534
900935	1130308
63173	74696
970792	1219305
887805	1113480
343722	428416
723770	906237
194796	241636
625898	784722
976096	1225587
372174	463595
535213	670406
883408	1108321
718055	898990
701525	879024
479391	599838
45425	52671
143484	176693
610815	765085
572158	716619
64606	76769
674044	845105
643768	807129
395890	493809
210053	260313
170800	211289
998222	1254185
357952	446088
502968	629329
661415	829029
54835	63733
457204	573084
541489	678232
553188	692243
665269	834139
306178	380306
453504	568347
567555	710530
891609	1118394
218972	271430
407627	508919
534976	670178
543930	681062
915212	1148564
817585	1024719
262985	326702
921967	1157137
309777	384727
174839	216226
455228	570219
1004871	1261970
581428	729192
118221	144107
176793	218633
33334	36540
559573	700258
244468	303776
297868	370352
506187	633225
928048	1165154
418214	523413
480951	601328
555962	695643
286797	356835
977358	1227044
948074	1190359
209433	259627
637438	799352
329564	410970
965567	1212996
117546	143479
425874	533768
571163	715474
477148	597070
222679	275811
505377	632321
196972	244349
587091	735816
44834	51933
427771	536650
471586	590498
719914	901207
489802	611986
534343	669391
323895	403399
148077	182080
259364	322155
897000	1125286
924359	1159961
984337	1236133
716718	897421
920819	1155413
466712	584786
540375	676459
679961	853041
575303	721070
522188	654014
143124	176078
705299	883631
999767	1256023
382644	477136
511243	639628
635213	796792
643904	807307
421933	528364
344631	429507
534030	668991
249602	310163
758721	950790
367947	458972
414696	518687
740147	927183
445772	558318
473771	592829
104554	127202
882182	1106840
80893	98228
101317	122983
829849	1040315
209174	259285
349297	435551
915859	1149204
845444	1059773
570433	714707
324518	404088
951920	1195348
476468	596323
332896	414686
403458	503520
193902	240462
155869	191724
338098	421403
206327	255740
642056	805166
479618	600040
852668	1068594
767235	960639
80198	97389
39677	44804
570406	714680
440327	551740
801463	1003269
507708	635090
199105	246730
192364	238876
643777	807151
893788	1120986
142252	175011
454803	569872
489640	611711
172063	212914
149864	184303
552055	691123
140134	172350
550513	689391
594734	745405
781765	978412
815870	1022570
842843	1056734
434117	544182
401078	500143
635544	797074
187741	232957
577329	723772
833165	1044399
675381	847070
540985	677490
415371	519542
204117	253050
271943	337231
213192	264091
307740	382149
635866	797526
318190	395684
249419	309922
24757	25997
450153	563947
945797	1187623
86494	104511
732106	916766
351460	438009
745734	934599
214925	266404
1003633	1260438
65261	77657
483406	604672
748976	938744
160317	197590
161085	198575
995357	1250488
50408	58500
33994	37319
57978	67688
686946	861580
530572	665072
161783	199440
784005	981254
98079	118913
654759	821148
649109	814032
484305	605470
383387	477948
231807	287359
110248	134131
695838	871693
513500	642512
32496	35762
428416	537363
357900	445992
921348	1156292
948310	1190696
778732	974792
257188	319013
740287	927322
608058	761566
685588	859894
723278	905819
196232	243542
229189	284095
920002	1154411
133071	163442
636286	797863
819723	1027605
248425	308707
174135	215553
226471	280482
233387	289483
171852	212598
959909	1205899
183959	228222
746634	936093
486418	608109
497112	621523
409541	511325
197130	244809
719559	900803
919518	1153989
112305	136483
489118	611003
94792	115020
256245	317871
750128	940286
640156	802767
526734	660009
910147	1141901
962421	1208954
501625	627755
639542	801908
85791	103691
81370	98879
799053	999931
75059	89826
457565	573496
371742	463202
295487	367711
120679	147334
501574	627636
476006	595740
202555	250992
310027	384967
490638	612944
299885	373151
381678	475691
407144	508431
262359	326159
233732	289938
30350	32799
920215	1154550
564178	705868
274739	340771
891454	1118167
130828	160533
498757	624051
524542	657613
306215	380391
592681	742800
314657	390760
106464	129407
733789	918971
192590	239006
1006226	1263606
791135	989904
42501	48543
126897	155180
486621	608251
657901	825055
566195	708759
77157	93127
890508	1117020
267811	331972
154755	190290
123803	151131
132911	163208
936498	1175736
686429	860869
491880	614593
606905	760205
812590	1018390
990558	1244327
474545	593996
281910	350073
557100	697193
499902	625639
968836	1216848
601796	754357
409751	511739
732256	916850
110150	133791
214698	266194
362973	452425
60697	71381
338078	421181
126260	154379
293634	365581
451849	566008
450393	564140
957161	1202258
620733	777678
719676	900867
457799	573709
305242	379376
876560	1100102
409302	510790
807784	1011953
223388	276657
752903	943683
128153	156876
280287	347968
413438	516903
104112	126656
239943	297993
172249	213107
958586	1204437
639211	801529
996617	1251908
839190	1052147
581515	729293
902682	1132701
389648	486079
255894	317331
976127	1225628
968264	1215992
127905	156484
889585	1115919
138920	170776
1004381	1261396
934433	1172937
985358	1237465
708854	887994
270364	335019
375588	468008
574207	719522
750825	941336
773816	968472
410688	512797
331573	413134
21185	22073
744365	932807
853800	1070172
454153	569044
461173	577969
625811	784551
1012136	1271180
298262	371134
803104	1005390
708553	887590
430356	539812
668759	838162
153738	188750
845108	1059264
686251	860541
177258	219165
58738	68540
411799	514630
627963	787396
224158	277552
808121	1012091
384440	479459
659912	826934
503023	629398
240641	298864
159974	197284
812685	1018491
282350	350939
119026	144831
282769	351273
452202	566361
701037	878382
125692	153757
173156	214152
136206	167315
353952	441157
372883	464721
327998	408917
841890	1055753
240207	298231
274238	340093
559316	700047
758757	950834
424503	531941
592847	743058
162882	201263
508418	635766
190480	236462
417265	522247
194038	240565
242869	301763
974806	1224041
577402	724028
345903	431008
706579	885203
326651	406977
792216	990978
383889	478715
948548	1190911
37885	42183
586530	735157
718522	899619
252520	313517
214101	265421
418678	524146
509563	637085
63617	75298
570895	715111
764836	957850
586799	735429
273968	339752
125689	153685
306747	380840
427022	535476
752686	943347
633004	793991
973536	1222623
461338	578190
414944	519069
962689	1209414
417447	522510
435145	545487
841007	1054576
387600	483637
521468	652956
687319	861935
943299	1184913
890580	1117161
325863	405790
548753	687096
493015	615894
185712	230223
88492	107002
184038	228248
816143	1023018
362015	451259
275552	341958
704976	883301
947702	1190034
172208	213047
450074	563835
328974	410380
427948	536903
107783	131242
152499	187107
635088	796748
460416	577047
58045	67764
743081	931105
840072	1053301
135716	166504
647015	811179
706073	884650
443946	556006
891826	1118835
690070	865063
664382	833026
152555	187202
147793	181709
191563	237839
532026	666738
958202	1203808
736139	922517
292976	364874
425410	533060
788583	986847
309420	384409
685971	860442
971878	1220634
798895	999667
838253	1050984
738249	924763
163259	201547
180484	223901
414653	518622
791425	990140
957660	1202816
885779	1111045
94395	114595
406269	507242
511487	639866
381355	475315
579974	727456
662249	830097
208470	258417
761735	954258
386885	482716
226089	280039
721268	902947
738455	925040
415687	519959
383628	478361
643225	806366
781761	978356
218756	271088
284004	352864
99312	120348
404890	505208
385502	480829
451153	565267
812895	1018869
315790	392342
76578	92208
210737	261216
184678	229131
243630	302773
667762	836895
308677	383496
35254	39214
116727	142464
122933	150161
744689	933274
819735	1027614
140901	173289
701946	879437
60131	70585
184822	229168
168022	207746
218138	270240
732259	916920
956657	1201682
428758	537631
711668	891195
709984	889333
979278	1229375
224720	278267
940627	1181376
565276	707375
101698	123427
939420	1179666
445853	558620
260962	324382
300601	374036
57359	66900
352134	438816
858626	1076622
995950	1251412
137466	168536
798125	998729
172630	213599
806133	1009871
20679	21545
567855	710763
208491	258498
834995	1046573
487806	609847
172744	213712
527247	660984
557285	697370
576480	722712
273159	338812
685641	860007
740396	927423
564081	705689
663849	832405
774083	968879
55349	64275
783767	981018
1014409	1273997
993531	1247762
52120	60394
624294	782584
885064	1110209
985481	1237727
902503	1132265
609056	762684
296971	369714
30750	33506
823875	1032829
425110	532771
320599	399017
447408	560444
37707	42030
800121	1001625
552913	692163
389940	486523
768477	961706
688502	863682
921127	1155911
917944	1152052
319599	397687
281582	349701
247487	307382
178446	220964
859993	1078311
28044	29818
720747	902167
161308	198905
677159	849387
996910	1252546
233099	289195
515972	645923
650113	815064
890429	1116841
775817	970996
174612	215952
825251	1034698
845639	1060043
67762	80995
548492	686721
992173	1245938
353328	440359
532172	666892
618036	774387
997947	1253909
655433	821871
252424	313403
36670	40611
912922	1145304
340747	424570
580923	728692
636568	798254
162339	200346
792923	992157
628935	788775
286564	356435
624924	783167
788636	986911
256331	317976
913443	1145979
502358	628501
267278	331444
205044	254342
889251	1115718
435037	545415
380969	474892
159888	197200
715385	895851
440842	552195
824552	1033907
169088	209027
415922	520329
790137	988875
834098	1045637
415392	519662
651871	817309
537739	673139
82554	100016
691571	866868
1011882	1270934
409709	511595
314765	390942
289980	361339
921638	1156652
975463	1224939
37345	41470
212820	263822
130777	160445
763009	955580
582531	730544
146415	180078
575031	720669
600771	753177
324202	403604
890776	1117391
546981	684940
50532	58612
621640	778782
678245	850699
225871	279866
575878	721985
752201	942894
79132	95810
302049	375572
357154	445190
885364	1110492
967695	1215441
400913	500016
921666	1156768
657145	823898
973911	1223093
344903	429798
449852	563682
262243	325921
580261	727805
410786	512927
847493	1062250
323846	403262
367954	458990
482610	603657
139442	171394
229438	284369
885208	1110386
670325	840261
410302	512395
477786	597770
577691	724374
252949	314108
593500	743839
78312	94667
220928	273550
368711	459399
180000	223155
618211	774539
652127	817790
195028	241912
350351	436820
538535	674200
225237	278816
877584	1101429
161735	199380
552375	691374
117939	143828
707355	886281
726219	909291
339289	422657
248369	308523
378436	471587
341702	425630
842298	1056196
802799	1004926
527216	660914
328667	410073
986677	1239124
150077	184447
410695	512888
688788	863917
457630	573565
708120	887232
57647	67264
960931	1207274
180462	223892
544352	681641
361226	450521
678839	851546
772804	967349
514369	644148
401945	501467
579001	726052
507755	635159
333825	415806
108988	132742
194855	241721
20140	20676
497133	621598
482414	603346
277323	344226
134630	165411
340647	424455
325279	405059
499856	625490
73726	88263
773319	968053
810068	1015138
494329	617924
279618	347065
491574	614275
705273	883516
27770	29533
572710	717539
419568	525072
712650	892355
760294	952825
423048	529671
261570	325041
654950	821269
736560	922824
105090	127924
342510	426559
391147	487722
516228	646272
578721	725608
106621	129590
311931	387692
972183	1220882
206934	256515
310235	385201
327503	408257
467588	585960
564655	706542
137210	168250
439730	550613
134986	165643
686151	860515
67497	80570
848460	1063690
965344	1212767
283686	352573
37672	41944
408697	510122
139170	171043
572345	716925
664658	833362
384037	478991
851680	1067506
354680	442223
76902	92826
923526	1159011
870696	1092695
779658	975822
92813	112553
905263	1135642
383014	477531
981939	1232772
963834	1210789
510593	638708
658953	826102
773840	968485
75480	90476
184396	228770
871828	1094060
627864	787328
54931	63781
758449	950381
704120	882130
583674	732035
411088	513470
295550	367757
510020	638053
886299	1111769
319128	396921
831146	1042096
227722	282181
133439	163828
748651	938293
417231	522154
706990	885680
944436	1186006
254868	316312
491399	613930
823556	1032294
160257	197504
267665	331755
861496	1080102
893177	1120489
518847	649581
641828	804864
573354	718340
883392	1108290
728016	911317
812455	1018260
444939	557427
22169	23349
216729	268945
728171	911492
335892	418222
237182	294402
84283	101921
124369	151908
528200	662042
483055	604332
808357	1012429
974209	1223485
351089	437476
825158	1034591
265901	329984
994963	1249855
441604	553298
499004	624287
281222	349396
367748	458709
157212	193651
844854	1058957
939358	1179558
961858	1208396
238047	295692
463082	580464
675133	846605
305829	379775
768724	962086
543787	680768
396525	494574
698122	874501
130268	159900
810035	1014935
111408	135693
621079	778102
115593	140809
395853	493678
717206	898025
936551	1175847
954563	1198965
669372	838942
655756	822290
866004	1086452
662427	830324
446277	559154
110950	135177
350061	436429
49770	57792
559167	699842
510356	638472
189594	235283
703412	881524
669620	839155
379512	473243
692971	868386
918630	1152806
739536	926350
107532	130781
259486	322300
584332	732728
642650	805624
49715	57677
913575	1146213
930299	1167927
229708	284583
269029	333397
33617	36926
971935	1220761
560818	701794
450357	564099
164190	202698
327094	407655
62672	74136
933398	1171638
339693	423227
276009	342631
449694	563517
217212	269297
425080	532665
677971	850367
287243	357540
763870	956514
362390	451780
828051	1038120
887949	1113664
591506	741288
396406	494420
712113	891500
556965	696974
160685	198122
769101	962484
177748	219739
373460	465476
613329	768262
679099	851915
197762	245448
464978	582948
819448	1027089
904118	1134159
444822	557243
588050	737334
66893	79961
266776	330618
415931	520387
486162	607647
241550	300150
128535	157488
413724	517389
689390	864603
469611	588300
588019	737161
211494	262275
675131	846568
127528	156065
225935	279867
660254	827436
88274	106672
226664	280667
38496	43118
767499	960787
881752	1106233
175275	216830
288474	359009
554750	694260
552641	691721
495572	619545
826592	1036188
977134	1226840
401252	500504
706282	884944
257986	320045
802015	1004184
532384	667143
133146	163611
1013887	1273273
471888	590789
35502	39428
64157	76081
267804	331933
785334	982896
380477	474192
596508	747896
134173	164775
137283	168366
454406	569339
134134	164661
487221	609160
745708	934474
342686	427071
659132	826250
149753	184128
489925	612029
207605	257203
760793	953308
58185	67905
290091	361428
989874	1243605
844295	1058422
30885	33685
372730	464524
178844	221387
479273	599626
364198	453884
563175	704847
544329	681639
420462	526311
240263	298342
725346	908173
629809	789905
297177	369800
179460	222369
353418	440421
867559	1088771
348247	433882
423995	530975
774929	970005
55992	65156
647897	812215
405590	506225
899495	1128749
28879	30832
768960	962292
479306	599665
57409	66909
357323	445374
847106	1061875
935838	1174810
640267	802844
529468	663714
334364	416579
63344	74879
220862	273482
509314	636718
911491	1143495
502270	628438
355974	443806
168143	208048
347398	432689
576201	722311
982315	1233390
591492	741275
111949	135986
862567	1081769
51071	59297
639844	802241
181875	225544
585721	734198
300203	373667
537098	672645
294801	367148
78909	95373
187108	231768
254681	316104
894080	1121398
797954	998547
271827	336991
576809	723203
68125	81393
166801	206022
798153	998755
590074	739781
791502	990247
696504	872662
391296	487848
943371	1185146
219360	271933
235376	292010
543298	680249
460218	576733
620263	777069
873706	1096321
939631	1179849
870447	1092440
159665	197025
368726	459455
362545	451963
182594	226553
506521	633515
460580	577261
422214	528668
528176	662016
212128	263088
947307	1189535
581958	729866
373852	465843
134798	165452
609680	763394
303340	376895
491570	614175
263990	327825
233990	290259
867393	1088229
824171	1033279
186601	231411
322372	401362
757415	949296
746276	935586
789659	988205
740565	927663
801567	1003444
383228	477714
827112	1036881
402300	502009
501378	627442
694764	870294
858853	1076950
793480	992802
195659	242727
906904	1137479
632919	793975
492917	615843
725798	908801
367502	458540
924878	1160878
771622	965859
121746	148619
1012699	1271927
398005	496280
148457	182530
171096	211688
183809	228053
750044	940066
435805	546282
283976	352767
655937	822548
927576	1164607
663548	832060
110549	134554
31261	34211
397696	495777
363433	453028
88627	107262
347257	432574
84580	102234
977960	1227683
843051	1056955
182729	226637
258941	321588
877003	1100785
538751	674444
443068	554981
990909	1244605
965254	1212624
181886	225664
853188	1069355
511149	639449
304170	378028
874401	1097466
82177	99518
961944	1208436
649323	814399
732822	917503
949989	1192812
507216	634309
97339	117785
509373	636835
107759	131133
423915	530954
455383	570603
911555	1143557
804752	1007891
477469	597473
451740	565865
626106	784862
371958	463354
359435	448291
369710	460680
833451	1044585
680030	853171
122510	149362
638630	800746
251075	311988
369301	460355
531350	665953
876717	1100497
1017516	1277978
931240	1169030
987559	1240465
353176	440116
482789	604108
628033	787587
39386	44476
395642	493451
166695	205894
730605	914740
149385	183739
613585	768686
498935	624257
217017	269171
201140	249423
451060	565171
66400	79174
484461	605625
812975	1018984
650987	816306
57521	67003
331035	412611
553344	692495
928998	1166496
546509	684446
338600	421767
134765	165417
389948	486632
823841	1032748
636438	798054
152355	186931
329906	411390
228034	282479
559747	700543
384343	479322
276492	343126
24937	26118
501078	627079
373884	465887
150174	184581
943107	1184585
759630	951910
69111	82602
227625	282076
822644	1030963
941894	1183045
997110	1252847
992592	1246734
252684	313798
430586	540139
748112	937697
107550	130842
588508	737797
282982	351472
274489	340498
358630	447185
929357	1166810
302315	375916
474811	594272
954347	1198598
556596	696631
540132	676270
964180	1211106
653220	819313
718297	899223
634011	795282
849852	1065606
143870	177046
212087	263006
708355	887446
923386	1158628
986627	1239018
297569	370187
765839	958868
945409	1187233
807598	1011634
230638	285973
512148	640713
372347	463789
689192	864289
69604	83424
626685	785660
354753	442285
817196	1024242
591017	740819
999270	1255688
274602	340515
628485	788153
33578	36814
935103	1173810
451238	565436
432930	542721
907214	1137963
368585	459390
58072	67870
301331	374803
31181	33974
118610	144358
504729	631426
242819	301590
198355	245863
614089	769435
959581	1205498
439762	550708
707717	886727
707176	886049
323054	402330
991675	1245403
486622	608367
32258	35522
205786	255107
539074	674928
817784	1024940
232667	288613
191336	237622
153393	188241
520019	650986
477019	596879
715607	896206
27840	29657
640506	803012
313101	388921
1014021	1273389
171670	212432
657600	824528
243725	302814
732276	916947
559062	699539
514527	644191
569343	712790
350733	437129
269889	334464
797714	998301
751440	942065
511522	639967
762241	954788
744239	932693
715035	895313
610348	764485
973532	1222510
465380	583174
864536	1084531
188952	234503
456349	571881
835088	1046658
316114	392830
613735	768850
709060	888411
823054	1031424
560946	701912
41873	47894
635797	797372
133482	163964
87747	106114
492262	614969
322852	402076
586793	735337
538048	673565
199957	247948
651274	816613
164760	203550
997081	1252775
165968	205087
576381	722572
293307	365103
329157	410656
335934	418299
127658	156138
207462	257045
273011	338557
504043	630641
873344	1096102
385698	481096
764625	957757
36613	40467
812331	1017964
630753	791140
850608	1066378
631090	791386
468228	586686
240297	298405
662692	830773
175664	217512
265024	328952
773402	968057
197308	244840
162130	200115
288198	358680
76184	91539
608659	762244
703480	881585
635643	797238
196833	244161
899568	1128939
269723	334204
146730	180402
269972	334497
881983	1106454
514557	644283
774855	969955
283659	352356
390218	486822
127367	155893
189615	235336
215584	267374
122326	149301
1018705	1279324
883407	1108320
644962	808587
823946	1033029
311766	387414
461646	578536
118584	144349
339985	423616
697422	873651
336438	418787
974840	1224214
896416	1124530
143736	176989
611764	766513
89748	108598
699198	876175
628903	788702
642889	805926
633869	795150
475564	595081
247098	306750
832569	1043675
148748	182851
303713	377197
949554	1192009
197350	244968
742466	930304
829564	1039952
382953	477380
239050	296668
529281	663493
867479	1088404
547897	686236
764156	956917
973423	1222387
200432	248607
359261	448068
494978	618737
920869	1155455
888424	1114277
571559	715963
558305	698584
294235	366207
554298	693632
327239	407925
328280	409490
482540	603582
200271	248294
405484	506091
858627	1076676
898143	1126725
497744	622598
715081	895419
916275	1149988
41257	47052
96552	117168
195449	242488
699672	876491
450292	564056
316747	393715
280813	348810
470794	589754
423575	530397
222133	275062
96892	117434
929038	1166582
279186	346601
624272	782488
250851	311810
256673	318242
567610	710641
298340	371298
501793	627946
268031	332064
541443	678121
460972	577696
794370	994139
195843	242943
586276	734725
674678	845889
604820	757705
493599	616902
925887	1162435
781400	977970
314073	389999
232302	287992
199185	246927
935858	1174856
276563	343189
140996	173294
250962	311951
333805	415681
820938	1029139
965703	1213224
119111	145107
563863	705513
467863	586280
262239	325864
917716	1151879
406998	508136
459800	576401
42287	48315
538477	674055
567382	710150
605718	758773
121037	147629
905615	1135972
549837	688444
253699	314978
404496	504948
266591	330479
423443	530312
780625	977034
734050	919435
85810	103721
504496	631146
671531	841880
285198	354608
78599	94914
225693	279566
641093	803828
435053	545468
846655	1061550
831667	1042507
286170	356024
226571	280637
810361	1015302
745883	934809
773048	967594
710413	889859
391643	488634
76006	91212
131663	161589
425277	532882
58041	67713
608239	761825
386297	481948
104931	127646
843435	1057365
926496	1163235
923138	1158455
279153	346526
359205	447992
58929	68881
768122	961354
587739	736861
912872	1145186
421173	527289
398872	497321
209468	259764
518903	649762
377928	471018
179950	223053
448005	561070
182087	225940
446969	559803
493449	616672
946132	1188072
948827	1191122
935744	1174632
358329	446818
885652	1110835
824204	1033361
799746	1001081
110610	134626
598240	749940
59352	69491
914494	1147595
737345	923677
438148	548866
540530	676751
422984	529481
525799	659149
167210	206684
851532	1067438
301123	374405
912302	1144400
108247	131704
435567	545911
215749	267608
300355	373882
87372	105740
216098	267978
822856	1031242
200954	249250
568483	711624
467170	585367
412156	515149
287471	357808
336937	419442
340339	424022
498658	623799
262292	326030
231066	286446
405919	506723
720673	902163
611031	765422
375387	467908
983095	1234529
224460	277987
436196	547000
342424	426536
39581	44668
788857	987251
460628	577359
828997	1039129
926974	1163875
565237	707238
640912	803625
786074	983629
98775	119662
343864	428610
251384	312283
625615	784326
722402	904533
89943	108821
932298	1170358
692722	867950
684753	859098
994526	1249311
567925	710835
101213	122534
303287	376851
824684	1034128
625447	783932
259898	323120
467698	586090
975323	1224818
198210	245789
281171	349339
1014666	1274429
211451	262197
32058	35275
795515	995692
50367	58440
661150	828661
188720	234372
790362	989076
411276	513853
127954	156588
37033	40979
274266	340262
223824	277213
842945	1056859
710138	889525
770787	964661
937884	1177609
505075	631953
531127	665759
283332	351904
672467	842954
676459	848575
395392	493121
267714	331818
388990	485273
329185	410695
98334	119183
87204	105520
366654	457209
211201	262000
759184	951442
454520	569509
788530	986837
275718	342218
291425	363068
930350	1168026
907938	1138980
902038	1131687
45614	52831
39625	44684
312368	388315
346721	431831
545879	683607
485682	607225
794253	994031
504265	630791
884449	1109579
772759	967230
502266	628411
699568	876447
659588	826646
461271	578078
48739	56644
573428	718406
120637	147288
84239	101886
527855	661680
115250	140352
400497	499449
744026	932229
93841	113944
826771	1036615
1001904	1258383
804707	1007780
792952	992186
1009713	1268260
525334	658414
978823	1229004
61571	72683
74137	88765
212450	263458
154641	190045
666456	835550
629612	789602
352212	438924
928937	1166388
608093	761626
761557	954115
497574	622313
1005416	1262679
832947	1043984
706671	885257
500104	625720
539117	674979
699691	876532
886718	1112286
831410	1042414
893460	1120844
71329	85605
666296	835178
408040	509280
740856	928039
94239	114437
237448	294734
469518	588187
747651	937377
26003	27744
434402	544463
357490	445456
366000	456225
640369	802848
834748	1046343
989726	1243456
683863	857891
970181	1218464
531192	665808
289158	359945
771269	965381
225732	279691
599171	751019
251639	312451
653867	820130
920382	1154845
988979	1242373
836517	1048535
523888	656532
578376	725156
247390	307166
109759	133318
266065	330094
892756	1119930
421132	527264
240003	298033
278995	346451
135632	166425
424377	531617
763201	955958
755872	947447
138021	169381
459767	576363
79569	96421
187983	233108
366574	457008
258495	320831
282179	350582
430142	539655
721547	903350
163857	202243
1014855	1274633
204854	254015
511478	639820
408973	510385
231794	287259
367292	458068
955733	1200424
462636	579941
852171	1067973
502112	628346
845795	1060463
784619	981994
466392	584359
161496	199088
159155	196386
385301	480553
505036	631875
149402	183801
340658	424511
395025	492678
637092	798760
934080	1172529
344253	428907
320305	398634
514787	644510
188530	233984
861449	1079978
475085	594601
488212	610251
47616	55268
326827	407213
832454	1043641
55219	64191
248507	308832
354318	441653
938090	1177920
849965	1065698
48134	55964
234653	291212
256945	318668
729257	912950
551011	689917
207997	257829
840013	1053267
857546	1075007
49021	57042
482653	603762
607097	760498
887887	1113577
432792	542402
593454	743720
576208	722378
344397	429097
491508	614130
222768	275885
820220	1028365
918061	1152207
262742	326406
792456	991471
609450	763232
272168	337466
634653	796309
975577	1225021
158627	195793
362741	452086
586443	735067
814885	1021360
271072	336000
743380	931511
465314	583088
858279	1076155
670400	840349
975207	1224720
985706	1238070
418344	523520
34856	38529
184270	228471
518872	649641
924154	1159730
805615	1009152
730227	914409
659799	826784
947908	1190227
626449	785404
694578	870169
263492	327362
433430	543341
539815	675811
489944	612167
205946	255429
316422	393347
751907	942562
1013381	1272591
236176	293079
875453	1098799
259338	322088
343686	428272
505730	632732
493816	617254
58439	68260
320074	398333
292150	363866
656556	823252
951402	1194611
355403	442965
431987	541426
93450	113381
697352	873596
35994	40064
863095	1082405
217787	269908
540463	676633
832043	1042994
244803	304237
337602	420455
313198	388973
123360	150558
56069	65234
713709	893776
298774	371597
512540	641328
899361	1128484
413095	516583
335529	417801
617910	774221
980430	1230908
95063	115281
955586	1200186
114851	139889
1016564	1276800
163283	201743
88404	106871
287776	358068
122617	149658
778820	974828
679182	852055
981588	1232349
230381	285807
746816	936190
929411	1166892
214027	265350
122164	149109
451680	565793
51050	59179
478410	598422
186944	231733
319111	396847
475225	594647
807603	1011641
547324	685427
257732	319692
141586	174076
646616	810730
796165	996754
459419	576002
228538	283178
383713	478444
463156	580743
303362	376935
308965	383858
428396	537354
303581	377047
269657	334141
978437	1228597
31619	34754
35001	38709
705988	884556
346875	432109
345786	430913
642484	805415
1004433	1261511
352577	439367
45132	52214
719812	900992
370299	461202
422378	528852
495946	620143
431066	540532
351846	438414
655172	821487
206536	256040
752807	943490
167851	207458
402065	501660
793066	992320
699892	877037
574090	719418
543151	680192
811481	1016548
863555	1083182
108128	131578
547587	685731
640021	802478
1003317	1260005
646226	810275
671462	841745
680814	854096
758177	950106
47958	55669
785392	982934
70191	84158
556731	696797
315063	391441
482194	603107
107241	130416
108426	131915
752218	942934
502665	628961
306037	380215
429776	539050
580626	728287
49483	57380
317338	394390
1004094	1260989
316347	393242
815140	1021710
478246	598262
552345	691362
434478	544561
434882	545173
719439	900695
903674	1133655
250510	311285
487547	609493
20849	21814
683204	857060
911429	1143416
451819	565911
504614	631322
248411	308677
875808	1099286
146016	179573
327243	407934
507259	634400
531905	666631
94636	114870
903091	1133018
543125	680102
510460	638552
210310	260773
313664	389508
189487	235195
308055	382668
503576	630128
385688	481091
515400	645188
86886	105000
148144	182143
152345	186860
601651	754077
71257	85577
484511	605736
598093	749802
98710	119633
784705	982150
469134	587831
898937	1127863
246560	306062
862890	1082178
146566	180289
748411	938035
990114	1243925
508547	635908
104798	127384
772583	967055
1001056	1257409
827409	1037543
97397	117866
40867	46376
716417	897214
732303	916954
96735	117391
147927	181979
333703	415615
607624	761192
341147	424967
609391	763204
91066	110030
440546	551866
810859	1015742
422187	528574
714814	895097
39893	45056
917081	1151000
215356	267067
268844	333114
507060	634107
176020	217840
866443	1087104
954096	1198360
145901	179323
412929	516269
872903	1095473
188448	233800
581730	729524
47851	55469
910184	1142039
576537	722738
851142	1067047
464951	582849
200115	248121
360084	449131
397285	495221
23300	24546
951129	1194119
478510	598564
212785	263714
794237	993950
823672	1032545
526394	659609
490563	612831
213274	264276
138193	169575
546314	684165
971921	1220713
124430	151961
522125	653954
632247	793064
606240	759385
528085	661843
403605	503744
89298	108226
503222	629705
500916	626819
378991	472411
82231	99590
297990	370609
259239	322024
452724	567315
429958	539398
448425	561660
61935	73091
35972	40053
639792	802198
131173	160915
376804	469293
454295	569221
278678	345972
633346	794513
87749	106220
666764	835778
947678	1189937
290323	361741
150373	184828
969563	1217771
814097	1020597
869781	1091421
799326	1000423
762609	955116
580310	727964
984885	1236773
429373	538604
834248	1045718
31787	34905
285539	355182
397585	495666
269792	334307
536419	671856
389796	486288
297713	370286
310545	385594
627728	787185
564658	706581
481340	602073
921359	1156345
219907	272280
669916	839734
479041	599387
341337	425297
462367	579813
85461	103308
530034	664499
802900	1005147
914502	1147685
763307	955998
281348	349441
584950	733474
478180	598130
537528	672922
254428	315912
472331	591346
581226	728942
87900	106234
691076	866346
163244	201511
288341	358839
226088	279921
545073	682505
884168	1109422
956301	1201238
640673	803448
217820	269995
471528	590296
851776	1067556
349503	435850
873022	1095672
1002848	1259592
584222	732608
999076	1255366
724781	907420
625723	784473
209623	259927
536981	672387
503331	629751
53997	62615
659084	826183
645818	809735
481720	602509
924608	1160521
233582	289699
879557	1103907
748993	938838
496908	621393
311124	386518
650855	816151
403176	503206
416290	520759
367700	458645
465417	583180
802672	1004771
617369	773455
224370	277834
330440	411887
637877	799820
327807	408654
375544	467997
106438	129325
121143	147793
685377	859638
821609	1029855
627188	786606
205876	255221
468151	586504
722258	904267
958791	1204693
231488	286848
728773	912348
571938	716449
413540	517012
855015	1071724
718194	899092
395728	493547
419341	524654
202840	251338
349121	435323
37243	41275
799512	1000710
799874	1001273
710870	890423
291111	362790
1010512	1269379
58744	68620
654463	820829
27307	28975
428064	536972
165695	204798
90807	109771
522531	654560
994121	1248697
317898	395451
162085	199891
145955	179407
188065	233328
298637	371491
715853	896457
409025	510469
434414	544558
190048	235870
482855	604195
865317	1085675
729421	913201
654149	820554
69037	82506
865061	1085296
682307	856054
432613	542091
102846	125028
765423	958384
813112	1019205
879980	1104533
718780	899845
598866	750640
767144	960525
298211	371123
386130	481646
828490	1038800
808821	1013274
682894	856643
144597	177745
36490	40401
439248	550105
810906	1015751
267582	331567
445194	557574
756812	948537
562302	703560
86851	104955
325967	405984
1004569	1261754
559788	700605
235336	291895
418927	524200
927613	1164630
416284	520639
59430	69755
82496	99925
813573	1019821
360697	449999
706222	884901
109502	133128
561881	703124
602136	754920
440522	551765
332119	413821
488930	610873
224095	277479
504486	631124
517849	648262
575697	721685
789465	988009
416149	520524
287111	357266
1019194	1279781
108429	132037
719519	900786
367221	457957
564884	706874
846104	1060733
74833	89554
742486	930440
852244	1068098
322176	401129
420176	525860
409944	511917
47109	54500
333630	415466
80475	97604
707887	886993
550191	688680
468577	587101
848439	1063569
442938	554808
410432	512504
307253	381706
474902	594377
551280	690222
54755	63592
645345	809050
312359	388293
220829	273459
408235	509450
312758	388746
131495	161396
589291	738846
860139	1078445
89976	108846
419502	524961
845872	1060579
132117	162258
305364	379513
530278	664807
492590	615590
86093	104048
209758	260009
22503	23755
101737	123517
198448	245955
240407	298593
832398	1043585
370051	460920
849001	1064257
417639	522661
640428	803006
875153	1098313
515652	645452
783212	980316
229494	284378
518256	648687
948932	1191327
300524	374020
713054	892763
595545	746379
944628	1186299
260230	323463
622364	779785
89482	108324
400532	499515
175217	216725
634931	796583
704217	882223
959234	1205168
312991	388915
542026	678766
283561	352233
33761	37022
656761	823475
500454	626262
795665	995965
311820	387513
982618	1233656
708792	887974
236626	293472
464844	582708
399947	498714
279137	346493
177512	219447
607406	760883
23306	24548
986421	1238939
193036	239456
23611	24969
239243	297171
855896	1072896
678779	851434
317565	394767
924506	1160330
711555	891099
283307	351839
249937	310647
459240	575762
572709	717427
886670	1112228
747625	937187
908944	1140460
679972	853136
793635	993083
475387	594971
169981	210307
54515	63270
922154	1157393
415240	519308
45976	53477
98599	119544
302565	376098
570174	714151
157779	194639
374689	466997
618319	774651
151925	186360
438871	549718
867500	1088552
109728	133281
795205	995161
199378	247165
334821	417145
69770	83649
432460	541822
291058	362638
404652	505029
693912	869504
836380	1048294
687449	862205
684202	858354
97631	118160
529033	663276
337289	420146
127159	155570
101020	122389
850293	1066018
525580	658721
756142	947698
766622	959795
96985	117483
400266	499336
693600	869100
930794	1168539
620452	777346
146974	180687
910669	1142518
909658	1141412
113637	138194
425713	533483
896274	1124377
162432	200473
248578	308944
329410	410897
495458	619538
392577	489625
77704	93864
606355	759554
298317	371195
430878	540513
573224	718129
148685	182734
332799	414667
303342	376900
392983	490002
214895	266372
558822	699210
566629	709440
956626	1201527
712008	891383
305726	379762
448167	561378
132556	162754
945355	1187141
757683	949612
648885	813702
356785	444690
109354	133033
640258	802798
347461	432726
740573	927706
139422	171358
816862	1023826
424188	531424
312557	388475
300770	374134
773157	967771
489619	611642
904441	1134401
238873	296394
365216	455254
455329	570454
863559	1083300
408596	509961
104263	126843
945725	1187437
428426	537419
892957	1120121
124433	152029
480715	601173
295719	367911
833796	1045228
703562	881676
328405	409706
739310	926069
633193	794352
237136	294199
24965	26237
938839	1178969
208884	258860
719195	900367
50917	58961
913005	1145374
682494	856213
523443	655849
964902	1212226
679289	852086
289081	359869
209387	259551
90576	109441
902665	1132479
163144	201426
696420	872466
989812	1243564
232170	287743
632613	793427
154396	189650
48477	56415
803574	1006062
745668	934436
381557	475577
171600	212332
117421	143359
169302	209221
155074	190695
368952	459780
547739	685881
66726	79603
323712	403144
285175	354506
742106	929717
397034	495129
383136	477577
120558	146951
403375	503316
561461	702647
500905	626717
209702	259973
815557	1022266
99019	120004
862301	1081534
349888	436191
737231	923500
811655	1016843
650548	815879
741666	929062
355791	443484
700038	877241
484731	606247
517026	647176
105370	128280
877154	1100800
27639	29446
486866	608718
235791	292759
215246	266904
192730	239259
924684	1160629
267879	331999
447458	560492
368529	459389
789489	988112
671220	841456
415151	519288
1005735	1262980
297375	369917
969990	1218189
131114	160804
827405	1037515
121326	148157
395291	493007
380137	473837
72295	86682
446595	559356
463998	581625
639512	801874
117390	143295
22145	23274
343157	427450
454477	569406
393531	490765
283692	352612
620396	777212
936151	1175202
713651	893764
20363	21048
296245	368665
158083	195042
589868	739581
888810	1114871
816939	1023943
759245	951520
951838	1195285
468017	586429
245645	305328
383863	478622
31311	34264
455794	571109
946990	1188971
895167	1123224
823997	1033109
235417	292031
244758	304141
145150	178414
767823	961081
740894	928157
77501	93588
438422	549225
665146	833910
477182	597141
293585	365474
336744	419248
863304	1082739
289352	360284
154705	190088
618690	775077
402162	501827
86008	103857
558774	699109
455418	570670
712258	891704
497879	622643
658826	825997
354647	442153
292666	364444
552525	691482
56310	65376
967822	1215684
934472	1172978
268237	332260
974557	1223821
282002	350289
982682	1233869
954948	1199386
735704	921882
437262	547979
502218	628350
991223	1244932
518990	649799
528729	662685
709228	888556
802401	1004402
289281	360163
1002466	1259027
352115	438698
108706	132340
52525	60982
653792	820007
397855	496083
209087	259098
1000613	1256827
705106	883410
264234	328241
999237	1255589
186755	231526
109380	133037
524208	656952
223157	276392
854193	1070495
232875	288803
749821	939821
839793	1052936
699451	876356
125089	152876
942878	1184298
88737	107293
761209	953728
704238	882325
885820	1111128
1015457	1275460
404107	504466
434484	544566
341216	425137
419934	525662
347806	433141
997563	1253501
232266	287885
370705	461684
652147	817896
608322	761939
488089	610068
700700	877892
947760	1190146
1004688	1261808
243912	303100
745274	933822
267321	331460
955327	1199886
787116	985204
820297	1028444
835725	1047472
884973	1110146
446748	559514
360659	449899
254401	315899
417694	522868
721814	903851
351402	437989
858151	1075920
32565	35859
815912	1022689
480034	600519
63689	75346
656600	823350
856756	1073986
588208	737410
901468	1131007
544831	682247
632051	792863
785905	983508
510105	638132
401217	500435
794500	994334
906647	1137187
404369	504795
349054	435027
126963	155301
644961	808478
394927	492475
915571	1148953
176266	218089
729070	912753
692865	868244
984642	1236634
821022	1029203
547795	686131
552789	692008
344951	430003
981883	1232708
182652	226555
859304	1077292
26621	28333
628421	787948
742896	930842
245528	305060
996618	1252008
194481	241277
777732	973685
809998	1014852
569013	712450
943171	1184601
300901	374199
291987	363733
80315	97420
388212	484190
202067	250491
26934	28606
539632	675482
462601	579935
346512	431561
664622	833281
992624	1246793
219521	272187
474355	593867
425144	532818
40724	46287
30458	33235
258817	321315
446175	559111
123366	150576
154586	189953
191973	238300
663306	831630
869798	1091543
625228	783702
104465	127038
606056	759288
290285	361690
85650	103476
44298	50938
300039	373313
831948	1042836
59641	69859
773293	967998
574077	719294
388311	484362
598597	750353
707481	886425
641207	804030
272627	337913
301809	375295
367587	458576
650344	815468
617077	773160
135747	166552
740438	927526
251972	313124
255273	316823
90113	109024
22969	24232
732487	917165
342298	426212
292632	364416
433780	543754
570760	715053
283629	352354
547791	686084
991085	1244870
771175	965139
456807	572374
369877	460781
341468	425432
437598	548420
213446	264431
593675	743917
634099	795413
362573	451965
274880	340939
607211	760573
89540	108447
434790	545008
815718	1022423
853828	1070290
1009675	1268057
511929	640549
882786	1107425
297293	369863
624696	782899
819076	1026522
461905	578997
921176	1156022
231138	286511
682119	855804
822228	1030706
486713	608449
822409	1030775
87741	106075
296206	368603
964420	1211546
91135	110233
488413	610581
395249	492953
1018136	1278642
462923	580186
359158	447965
957131	1202216
396580	494591
356990	444993
81009	98416
672677	843291
592739	742876
468015	586423
258402	320693
936929	1176376
652835	818967
272377	337595
481171	601636
743222	931288
127448	155944
369914	460884
625567	784233
826327	1035886
697471	873731
393751	491001
717778	898636
547431	685437
72695	87151
81495	98990
302983	376597
828012	1038055
263088	326957
71826	86201
336196	418668
615908	771683
421635	527965
446340	559209
564318	706036
834705	1046304
241914	300450
476815	596711
444205	556489
727022	910266
61234	72105
322545	401649
598900	750759
572285	716903
690177	865312
172398	213434
747048	936565
318620	396206
171138	211741
509973	637799
211764	262600
386967	482947
272648	337991
864913	1085200
421518	527869
624655	782887
858540	1076432
663780	832284
857087	1074513
882549	1107229
785048	982571
459429	576066
238701	296327
671740	842114
101819	123642
97038	117505
80997	98299
234965	291433
591719	741572
72495	87057
818540	1025908
862242	1081440
526351	659519
533884	668861
537923	673310
941656	1182754
556255	696057
760082	952368
302398	376006
278409	345541
43393	49809
968179	1215905
163009	201293
759728	952041
732564	917207
134387	165024
782838	979826
506769	633763
310113	385092
409234	510692
841994	1055875
82798	100303
263929	327772
603085	755975
362343	451581
807698	1011789
470088	589021
964133	1211061
154976	190552
85373	103040
345886	430930
340763	424676
463937	581529
248949	309251
881645	1106085
525395	658567
335655	417873
606749	760017
436994	547718
343281	427659
856787	1074045
702522	880390
228833	283598
852787	1068779
894298	1121780
883952	1109002
833129	1044314
754807	946124
101566	123195
971067	1219671
554960	694473
131972	162037
764384	957260
909473	1141255
934234	1172653
901999	1131675
543877	680894
267226	331320
204804	253949
310661	385736
322595	401763
143059	175903
297913	370457
355346	442881
524817	657747
520167	651219
993078	1247248
652584	818456
346981	432146
36111	40088
598408	750162
884942	1110094
102010	123752
289434	360433
415120	519185
759443	951720
690754	865941
126157	154251
793818	993237
996179	1251662
65325	77760
914680	1147820
514096	643534
627745	787207
429358	538574
254152	315655
467313	585467
50958	58989
153179	188098
299590	372653
775264	970296
546744	684775
839347	1052340
631022	791320
633110	794209
73566	88242
419537	524966
318295	395845
927808	1164863
616434	772421
525952	659335
97057	117595
22198	23404
325751	405583
489996	612245
550765	689557
249111	309418
985517	1237819
58140	67901
867550	1088707
560344	701242
346139	431273
210238	260654
557763	698056
398449	496843
400083	498872
304304	378093
779003	975075
440157	551420
652923	819055
741354	928634
975755	1225155
701649	879080
418094	523334
878876	1103182
883827	1108759
920713	1155297
822135	1030478
925876	1162423
995210	1250181
967345	1214999
742926	930923
112386	136517
40195	45674
128575	157571
815651	1022335
190697	236616
355287	442764
835803	1047581
367461	458418
890057	1116513
50989	59086
406705	507664
912801	1144982
469303	588022
154198	189242
881086	1105538
410118	512227
908522	1139788
544526	681939
854715	1071257
966178	1213838
488592	610642
791691	990477
394517	491943
38944	43763
318115	395592
898401	1127063
1005787	1263069
619717	776549
834030	1045516
28488	30227
617887	774135
787107	985170
500362	626225
385752	481141
599467	751564
311006	386371
856332	1073575
888093	1113808
191508	237768
348896	434866
855548	1072479
871693	1093852
225620	279405
337587	420336
348811	434746
277313	344120
465208	583056
819515	1027099
525158	658197
40989	46546
928548	1165945
671168	841236
103078	125422
89100	107936
268410	332636
355056	442663
456501	572096
105812	128895
792218	990996
937429	1177084
843190	1057090
353965	441226
801226	1002874
733743	918912
551578	690512
611314	765750
102308	124330
152959	187710
485360	606840
744231	932572
723544	906055
334421	416683
384668	479988
521149	652430
361064	450253
300448	373993
549039	687434
267344	331497
182418	226314
291724	363426
327564	408268
691210	866407
649657	814684
820804	1028999
111954	136023
538870	674581
227866	282288
129971	159598
518113	648517
281421	349541
39103	44072
45169	52318
38847	43732
927647	1164756
22315	23576
885116	1110221
622969	780362
29402	31677
678771	851350
392751	489670
976956	1226607
685368	859591
552127	691313
81692	99065
808273	1012304
380034	473693
916088	1149616
94538	114799
444278	556565
412509	515593
601152	753578
714352	894648
866543	1087236
586939	735613
200190	248245
577373	723947
445947	558696
27174	28895
299044	372084
958775	1204599
127263	155601
283199	351795
340506	424244
448072	561109
382995	477516
82346	99852
820393	1028670
723492	905855
987761	1240724
158204	195208
613141	768057
157612	194351
509848	637656
982142	1233202
468249	586743
883052	1107691
305508	379642
282567	351095
578552	725438
97925	118733
91417	110714
334336	416463
998281	1254274
618657	774998
418719	524160
165556	204671
804142	1006866
782957	979985
580934	728717
503160	629512
650223	815205
669764	839433
749665	939545
95074	115367
328482	409843
445796	558438
106119	129038
835539	1047232
692340	867521
683972	858130
427846	536690
219512	272115
853134	1069287
99615	120618
627420	786825
295284	367535
912722	1144902
327930	408860
390707	487293
234587	291088
834301	1045746
272749	338185
922017	1157255
583128	731459
259819	322914
279769	347279
58643	68514
787224	985231
749916	939909
295065	367375
814790	1021323
448717	561983
627337	786716
171185	211863
234886	291429
794580	994411
276686	343404
838854	1051520
534282	669363
1000203	1256474
330227	411669
473458	592526
731037	915411
735319	921094
579540	726603
101963	123686
999310	1255728
524639	657650
578037	724677
380624	474563
665231	834064
482041	602925
132677	162924
117310	143129
98268	119068
714753	894975
868668	1089944
765749	958754
320382	398715
51531	59977
576134	722226
317648	394915
148326	182497
303219	376812
929486	1166971
320601	399021
609963	763901
229563	284532
482867	604228
211104	261764
811731	1016905
1002873	1259649
969406	1217551
115638	140940
807771	1011931
364857	454783
469829	588677
867130	1087810
198547	246134
440988	552479
274636	340671
505199	632060
237359	294569
679147	852041
195213	242120
759808	952148
465490	583390
324780	404421
262805	326494
405624	506241
56210	65363
733340	918436
910034	1141809
746273	935539
59085	69032
727788	910884
215131	266796
297769	370338
373087	465017
548292	686506
524092	656869
157151	193596
236341	293314
631220	791697
1014688	1274518
1017380	1277778
225969	279875
149000	183207
403013	503051
976300	1225881
489260	611261
598964	750927
547781	685979
286147	355964
578799	725732
1007615	1265672
443126	554987
713532	893601
958526	1204259
480519	600973
59232	69160
534374	669425
60750	71618
939083	1179242
550301	688976
582718	730822
424457	531834
439179	550086
791299	989989
404591	504991
end data 
