##
##EDUK source data file build with formula: nsds2; seed: 155213243; wmin: 20000; wmax: 1020000; pmin: 1; pmax: 2000001; c: 1596642; n: 5000; interest: 1; step: 500

n: 5000

c: 1596642                              

begin data 
95159	115425
210119	262171
496477	619217
524514	654479
533970	666318
325995	405351
512074	638450
238177	296215
734776	922184
489073	610270
718255	900220
395205	491974
433715	539675
251251	312843
25238	27579
850549	1069534
564010	704577
517761	645713
102498	124350
584269	729276
111213	135213
328848	408715
70933	84722
534744	667334
230456	286685
97376	118201
991862	1248743
824641	1035942
660249	826843
801047	1006139
49034	56897
91845	111812
948390	1193850
847364	1065622
727870	912790
587471	732977
47866	55449
592590	739286
520574	649108
148819	183275
523498	653238
582366	727129
645526	808172
184603	228969
574791	718237
27438	29978
569835	712165
55650	65185
167906	207742
171174	211472
735247	922740
1007383	1268301
977440	1230262
800576	1005511
177508	219742
305200	379276
590523	736800
767831	965087
553910	692011
83747	100954
686412	860661
592282	738871
715559	897556
571226	714054
293068	364573
707531	886831
368982	458370
367844	457174
371959	462033
644335	806643
850341	1069387
925360	1163485
362425	450117
781507	981869
755798	948749
761689	957117
138375	170119
549219	685890
570034	712368
259064	322476
170641	210742
847233	1065545
481167	600940
618339	773246
769872	967862
491394	613872
376622	467801
64288	76586
724937	908507
23014	24603
606048	757465
451205	562209
581435	725814
38586	42989
687607	862731
54775	64354
927883	1166610
640856	801328
26686	29139
926508	1165061
459781	573648
468280	584968
180740	224077
117753	143498
244688	304756
566066	707328
226938	282612
955312	1202448
625447	782080
768643	966373
410738	510751
832970	1046277
98444	119633
134055	164444
682004	854668
778135	977527
72482	86529
818411	1028187
318533	396195
905801	1138839
108763	132019
55914	65498
505325	629968
655706	820983
172306	212724
400010	497303
202032	251276
671928	842567
43051	48822
580738	724896
670520	840534
200701	249580
815215	1023837
504463	629061
507859	633652
637748	797327
71745	85547
758206	952312
252733	314537
129442	158758
447069	556915
264599	329080
458224	571311
910216	1144398
738423	926838
313276	389853
136497	167602
219298	273526
710092	890038
847854	1066469
667991	837415
298576	371359
857332	1078343
99866	121195
192914	240023
540507	674937
35046	38930
754500	946794
129692	159012
810423	1017648
82744	99657
25843	28080
217373	271181
958887	1206926
979455	1232596
802099	1007374
419340	521257
299509	372481
390444	485872
744522	934379
821239	1031595
25397	27635
631101	789154
513521	640165
796357	1000198
996951	1255307
492302	614751
197064	244998
901231	1133214
506879	632292
352927	438168
925963	1164257
146190	180248
934776	1175570
711460	891731
332403	413437
962310	1211099
266500	331399
753723	945958
524053	653714
334685	416487
581092	725537
341511	424564
478226	597547
147083	181654
935669	1177017
207368	258719
147712	182120
957667	1205232
99826	121114
923944	1161809
111061	134951
218416	272232
611897	764910
425534	529314
767280	964441
496541	619234
623757	779836
512371	638847
30292	33407
973957	1225864
375171	466338
486851	607830
437649	544948
507820	633502
922036	1159515
1007943	1269089
884568	1112098
150939	185504
337410	419837
591391	737742
301089	374432
174269	215098
981596	1235422
486277	607084
882515	1109387
702804	881018
489107	610275
783240	984052
280669	348334
58144	68170
223646	278686
917179	1153523
682202	855114
961216	1210003
347886	432087
183427	227446
315064	391777
928295	1167068
452167	563318
289625	360230
632037	790320
149401	184114
36889	40887
704556	883106
76622	92187
75970	91343
433804	539699
265141	329724
779029	978601
173111	213661
862285	1084673
124265	151539
834263	1048279
612446	765400
531708	663175
570765	713465
427675	532527
168683	208522
205043	255538
949334	1195057
460929	575428
169166	209116
249005	309889
960355	1208651
81694	98371
704071	882418
650041	813673
993681	1251172
416461	518110
513811	640407
306015	380513
690793	866305
1013515	1276807
92389	112100
956888	1204297
97225	118070
880887	1107813
661118	828025
228457	284457
101706	123550
671672	842219
535579	668334
965675	1215890
825905	1037217
578060	721802
227053	282723
320332	398182
66625	79236
591204	737448
967565	1217867
600025	749416
440372	548757
51811	60556
180679	223940
860571	1082517
764354	960147
362063	449833
410149	509941
82888	99769
155632	191837
621599	776833
442949	552069
714854	896614
160856	198514
445887	555776
46399	53182
720054	902553
420570	523020
162935	201538
115389	140318
251602	313381
912713	1147370
122510	149330
331692	412372
101765	123634
780620	980497
301069	374344
683396	856959
697323	873849
372216	462236
559795	699421
224861	280265
889802	1118631
585423	730551
587023	732524
437097	544365
31414	34596
259522	322816
99285	120793
743916	933514
1006439	1267214
537578	670959
490471	612469
350169	434642
314267	390995
260920	324558
100829	122376
171836	212140
472569	590314
719919	902460
930512	1170124
996554	1254706
846301	1064459
311084	386686
384740	478354
1017347	1282080
633622	792141
190458	236836
186858	232305
713466	894468
1002145	1261717
809774	1016754
863302	1086032
526201	656488
218042	271754
379829	471874
572616	715795
885196	1112849
386376	480640
437686	545044
723131	906174
123894	151149
876807	1102747
957578	1205228
868612	1092683
309813	385345
952514	1198866
852519	1072221
58496	68666
550915	688114
143235	176383
163169	201705
111429	135414
135157	166037
331283	411913
636683	795762
202646	252225
105397	127701
333279	414586
168812	208822
764691	960498
170534	210687
963383	1212443
164485	203221
415573	516814
828720	1041052
358558	445092
84964	102434
573390	716577
596596	745150
30201	33338
860096	1081761
861254	1083479
289107	359586
314200	390954
936377	1178122
741820	930884
908514	1142200
38776	43106
136429	167530
998416	1256948
966425	1216665
1016400	1280834
820567	1030587
551326	688628
702483	880537
426448	530646
276917	344050
351897	436736
157225	193834
374139	464690
45529	52074
201549	250706
598804	748057
439361	547533
293455	365130
852068	1071481
747844	938277
665918	834151
972264	1223639
42675	48131
680691	852935
119877	146003
165938	205127
246753	307274
315157	392013
382756	475938
280825	348446
576974	720545
400387	497906
753616	945721
577169	720941
369817	459458
329737	409822
835509	1050039
635992	794903
221637	275975
508706	634558
339930	422846
111148	135025
966173	1216305
927308	1166123
658385	824499
140488	172973
96845	117371
166834	206345
723554	906770
601417	751349
282745	350832
697073	873710
385897	480114
140042	172489
846835	1065162
187647	233197
706078	884861
659506	825716
376129	467517
569223	711390
71765	85595
571902	714852
312073	388181
70495	84015
550537	687660
527722	658349
502561	626611
508253	634105
835364	1049741
578647	722293
385039	478906
734868	922304
700401	877835
711642	891889
564980	705782
577488	721242
92718	112497
217207	270965
260318	323909
234487	291776
857760	1078900
29573	32683
964067	1213377
301439	374757
418236	520282
235553	293116
141881	174573
658847	824852
139485	171807
537170	670193
223043	277978
153432	188932
543935	679277
138193	169853
328019	407803
348964	433203
212418	264973
65527	78074
489841	611477
843073	1060239
990048	1246314
923898	1161762
775325	973855
756342	949525
340681	423602
900117	1131764
263426	327535
954764	1201839
932880	1173155
929758	1169042
37915	42053
120533	146869
88827	107721
100416	121859
661342	828320
378902	470623
25078	27282
937503	1179211
618818	773701
371723	461700
409039	508451
167081	206531
110015	133609
840340	1056470
933831	1174450
97078	117816
463085	578141
585774	731047
271166	337078
188747	234455
196374	244131
101308	123014
423274	526619
999063	1257766
705925	884635
195187	242772
998863	1257493
737373	925127
482478	602311
563359	703831
245953	306350
474318	592533
841148	1057679
576995	720650
622611	778317
237769	295770
737149	924870
780172	980020
731571	917950
927162	1165812
566650	708113
285859	355184
744505	934287
184114	228255
664005	831779
369127	458557
945277	1190262
633006	791414
723074	906089
179172	221776
915426	1151292
98832	120321
645811	808433
69920	83368
480295	599950
414846	516013
937346	1179059
385510	479629
847016	1065306
334815	416823
922098	1159617
227229	282857
578236	722009
443754	553298
200996	249930
626683	783846
472374	590131
79700	96141
399156	496545
23168	24846
31146	34079
297614	370132
921820	1159235
623601	779663
108628	131799
991254	1248023
390179	485416
705175	883820
271596	337664
499836	622950
791640	994622
319625	397303
496029	618645
573037	716135
355535	441103
27083	29632
377962	469452
762322	957948
937405	1179090
81966	98629
380394	472590
324071	403220
954859	1201968
878739	1105186
261188	324811
796273	1000109
559449	698997
404357	502824
187300	232621
61831	73289
726512	910734
953777	1200459
242453	301748
955906	1203113
501470	625311
497074	620143
39912	44679
238893	297169
995033	1252930
329965	410097
211115	263506
497222	620311
471956	589532
630566	788467
59782	70557
167972	207852
154913	190954
471685	589343
94370	114294
516824	644427
319796	397551
320983	399141
666133	834425
352653	437733
891072	1120136
449522	560017
74432	89459
786556	988155
232211	288685
978895	1231781
942434	1186484
837192	1052504
460439	574610
401896	499594
962192	1210932
570509	713197
82627	99465
140895	173418
784122	985237
851459	1070627
416930	518690
523859	653510
487676	608652
107299	129854
346412	430425
927047	1165627
593464	740753
684569	858403
812435	1020360
292746	364257
166722	206225
778870	978465
181435	224933
647726	810858
641576	802356
388235	482998
639750	800024
873900	1099241
880531	1107381
70018	83440
149578	184265
791280	994162
429000	534090
800676	1005599
543144	678316
445851	555689
96413	116925
152123	187138
901965	1134221
124977	152422
59946	70612
519033	647272
1010458	1272327
919665	1156309
267763	332925
774207	972453
833733	1047319
87891	106517
24808	26975
853260	1072983
180499	223705
452913	564430
750415	941629
53483	62679
315389	392129
318005	395455
651238	815323
829294	1041942
791393	994332
208592	259885
792480	995740
214217	267151
244562	304580
988913	1244566
78654	94669
661053	827868
621652	776848
723765	907035
645597	808265
355839	441492
120801	147119
269531	335342
691307	867078
116110	141206
130384	159888
405367	504052
514961	642079
135933	166929
165635	204729
492912	615291
870125	1094360
353340	438606
101658	123427
308702	383987
521110	649804
328244	408018
601284	751222
952815	1199346
399446	496769
792703	996052
400336	497782
229286	285323
688947	864239
93060	112769
115521	140548
966137	1216242
455827	568504
202554	252208
858574	1079719
260176	323426
233028	290040
650392	813995
939210	1181395
643938	806008
300545	373639
947189	1192620
830709	1043606
865273	1088463
864500	1087401
806224	1012850
331610	412288
652844	817473
561965	702076
155023	190984
218817	272946
944548	1189384
842705	1059577
275144	342163
131342	161045
511265	637777
611555	764481
107816	130687
448557	559002
24481	26714
552696	690572
625211	781890
164645	203466
382262	475109
102507	124409
534693	667132
778112	977498
103191	124901
766777	963635
325152	404349
513920	640702
120917	147336
279634	347388
254094	316128
178411	220980
247015	307504
497925	620942
778831	978347
367403	456443
237759	295743
837520	1052714
262884	327054
153986	189638
974710	1226840
201981	251196
659209	825265
749718	940636
86283	104169
953299	1200085
408989	508345
697914	874508
293669	365465
446605	556457
46028	52685
167860	207618
907524	1141093
370225	459936
263538	327896
822069	1032841
288684	359232
690297	865808
945385	1190470
153344	188801
303973	377600
28974	31731
698196	875065
516994	644788
53119	62112
190430	236717
84220	101477
183997	228143
465712	581717
597606	746408
214270	267246
592156	738705
336355	418589
809616	1016631
956181	1203341
657274	822657
955765	1202896
710795	890901
433558	539359
812338	1020207
223662	278696
1017685	1282592
820278	1030263
116226	141418
615268	768936
415151	516260
233747	290818
92988	112683
175214	216629
462013	576954
982090	1236023
442649	551719
495503	618097
156538	192898
559160	698693
153567	188986
918250	1154461
547646	683927
591506	737951
667798	837081
92598	112310
1007040	1267987
1003923	1263979
177118	219062
731976	918382
1005498	1266093
830293	1043102
500049	623360
231396	287770
471901	589481
793267	996786
692908	868718
205410	256001
488947	610161
797053	1001336
468872	585601
273353	339965
409856	509543
671736	842359
417379	519148
500335	623675
789819	992086
522337	651572
780516	980365
675073	846295
823191	1034350
459638	573243
630674	788740
893002	1122395
49456	57675
522168	651078
157166	193615
505545	630457
516274	643765
85522	103234
965269	1215204
977318	1230057
30800	33927
814131	1022518
360685	447794
989793	1245995
332932	414209
673737	844834
400056	497352
738621	927039
668168	837695
255766	318232
787151	988942
897418	1128440
781726	982160
643964	806095
438871	546909
304966	379129
60817	71899
138156	169820
779280	978916
276480	343556
445083	555066
373747	464403
665710	833845
541397	676293
905862	1138937
725424	909331
989053	1244750
998594	1257092
530000	661150
546754	682896
464185	579649
995217	1253282
178776	221308
718394	900469
890513	1119465
626171	783211
152039	187035
340479	423308
817863	1027672
428513	533609
84900	102272
706436	885301
788871	991107
126056	154023
172989	213493
386326	480625
88583	107285
433674	539519
536410	669359
138814	170734
501023	624606
1013458	1276563
405869	504877
61297	72603
949143	1194855
163977	202658
520620	649122
358745	445349
969332	1220201
735943	923231
1004869	1265296
551908	689389
467569	583890
240375	299268
38448	42762
490224	611953
806277	1012870
851543	1070688
107141	129734
314688	391468
457175	570077
398750	496095
421870	524840
488304	609309
292298	363816
669506	839269
460668	574860
253847	315866
687465	862234
131752	161637
844502	1062138
515629	642936
992544	1249535
482858	602749
867476	1091429
54378	63535
677548	848963
765648	961920
762420	958121
437756	545084
264098	328555
150408	185170
516126	643664
525004	655088
514659	641687
480572	600399
566972	708367
762624	958272
333767	415298
316177	393270
450198	560863
692165	868151
781406	981713
363128	450853
563191	703514
43818	50057
663219	830876
581614	725985
351714	436723
34612	38441
256075	318709
801602	1006925
445477	555476
33970	37752
259867	323070
811921	1019742
273901	340629
323902	402987
1017408	1282214
608961	761205
735812	923174
284676	353731
452396	563848
152575	187638
558920	698543
252434	314146
827901	1040065
129360	158600
186787	232223
892226	1121650
547275	683443
799532	1004272
405967	504945
376971	468143
240486	299534
270371	336356
1018344	1283378
636100	794985
167635	207229
658134	824092
441594	550521
366619	455675
505525	630350
959467	1207836
260583	324057
602913	753324
178686	221254
891698	1121014
598944	748336
483687	603705
525254	655592
572850	715937
798389	1002886
768162	965507
740758	930014
558248	697585
54232	63428
293374	364948
891450	1120792
96993	117624
474199	592343
190869	237308
534284	666651
531391	662730
420748	523360
343222	426730
532796	664733
132071	162155
213429	266247
406513	505581
111895	135872
397388	494332
91058	110764
281437	349221
85689	103416
799840	1004589
60320	71244
278934	346614
643383	805114
880062	1106589
247789	308701
208834	260205
890987	1119994
665439	833468
154700	190647
590891	737065
219553	273797
220709	275077
108635	131806
867952	1091956
265654	330241
187769	233385
382387	475226
705340	883990
577043	720841
169380	209364
174176	214908
657823	823775
989883	1246128
488788	609889
296182	368378
198520	246782
214085	267013
952216	1198569
888781	1117516
564823	705623
157670	194160
142905	175851
854161	1074208
381894	474587
721944	904536
623685	779796
157341	193869
566419	707792
485975	606814
90046	109399
761253	956363
284661	353649
639668	799821
121584	148084
580442	724493
147752	182195
188114	233687
255417	317825
624625	781113
651776	815792
995860	1253960
492210	614694
893640	1123270
601569	751535
776882	976040
107435	130068
203983	253881
925757	1164047
528053	658812
487090	608158
345898	429848
321828	400221
959601	1207902
360229	447307
82314	99018
986501	1241792
208113	259409
245986	306375
213751	266653
179533	222332
359449	446410
458496	571826
980672	1234227
822505	1033312
689118	864407
318913	396681
910869	1145080
375315	466473
851106	1070295
726398	910544
756166	949260
216681	270203
674292	845616
777596	976873
127702	156685
1016608	1281222
552414	690265
870767	1095166
567936	709663
219781	274276
912655	1147349
403165	501565
770570	968753
127610	156548
366485	455513
565296	706366
749917	940921
106031	128441
24291	26373
715080	896930
494761	617291
834528	1048447
842491	1059453
811706	1019372
609110	761533
665475	833556
205936	256455
848867	1067392
61290	72525
24372	26517
563289	703689
27962	30709
186608	232017
455392	567649
358918	445519
224503	279733
524546	654591
137583	168884
480264	599937
39101	43674
411638	511804
520645	649204
124416	151725
372391	462492
406617	505584
110053	133716
165869	204986
37889	41946
302988	376442
43961	50194
552322	689991
358683	445180
313424	389983
591059	737325
820268	1030205
978983	1231926
621770	776936
1017908	1282721
591274	737634
299671	372654
322935	401703
865684	1088989
954799	1201860
628072	785278
920092	1157242
823226	1034450
971824	1223322
87114	105609
192448	239436
866132	1089492
184206	228454
229779	285760
161154	198952
363146	451002
165936	205078
327278	407002
924458	1162540
525021	655124
287540	357746
699724	877024
988820	1244469
388552	483290
407858	507180
1015484	1279547
740077	929151
509551	635664
227551	283334
92046	111925
186637	232029
73480	88080
132151	162266
40743	45902
449889	560637
102596	124419
207069	258355
51171	59819
336997	419391
281522	349383
94080	113886
100658	122157
506725	631947
606538	758096
978259	1231118
40176	45045
288167	358423
341175	424192
63473	75320
178873	221398
167127	206656
654391	819692
917582	1153837
803037	1008918
729329	914782
593054	740023
426593	530949
569416	711633
121004	147351
128826	158068
648766	812131
555925	694802
286152	355594
91683	111482
91407	111026
501843	625935
110487	134073
957574	1205195
603567	754096
491903	614225
122990	149884
382744	475869
211934	264356
99968	121398
106543	128878
491161	613468
994657	1252324
564713	705572
651947	816275
181379	224824
333615	415124
372572	462712
229911	285985
125093	152545
246074	306475
188181	233790
728343	913197
220984	275340
992244	1249358
288243	358507
401488	499172
743346	932800
183430	227494
616163	770482
273782	340527
658964	824967
462776	577845
96601	117177
844367	1061828
678140	849618
550358	687356
153887	189532
796208	1000048
888189	1116643
858838	1080066
826670	1038498
906768	1139916
469354	586179
348028	432244
73111	87486
492498	614896
121794	148388
914182	1149624
689140	864487
22634	24050
782321	982886
309462	384801
722362	905129
712724	893414
766678	963450
218031	271733
107277	129815
897883	1128982
790503	993109
136665	167736
642314	803634
960484	1208827
451965	563220
763130	958772
463686	579060
596525	744956
592276	738826
705419	884104
928790	1167694
79253	95442
279373	347127
549372	686048
190887	237355
339155	421871
114146	138796
689367	864698
119189	145078
304257	378195
990897	1247565
611813	764847
445518	555497
689981	865234
594511	742183
1014370	1277734
203073	252669
175035	216308
953128	1199859
684624	858450
22433	23654
38828	43219
772890	971081
462858	578008
582259	727050
667878	837224
197477	245248
928811	1167695
249026	309916
738827	927442
543341	678506
354072	439490
801967	1007248
253526	315381
502777	627034
1011958	1274740
677894	849367
773956	972285
705515	884161
427220	531613
363381	451271
90441	109963
103043	124840
205444	256017
202831	252522
574639	718117
992634	1249615
98731	120139
255645	318209
385813	479995
427941	533010
460917	575318
468821	585437
414028	515030
634264	793102
407678	506892
23896	26034
229202	285245
120452	146715
892999	1122305
83366	100482
47917	55574
383585	476808
598834	748085
647259	810191
498895	621855
787516	989271
33548	37096
21158	21915
544473	679920
420875	523494
717210	899215
583323	728288
944259	1188918
308929	384175
91080	110822
294275	366021
851786	1071103
958311	1206040
73451	88042
146025	180149
758604	953020
157740	194370
370746	460496
767003	964054
103900	125762
734240	921342
575700	719113
90936	110547
58251	68319
55548	64920
692874	868714
278434	346039
451551	562600
826204	1037836
891103	1120286
443688	553203
778226	977637
413805	514804
556820	695949
716208	898184
303744	377319
749519	940356
176413	218082
218603	272713
1007302	1268287
474842	593026
164602	203393
193370	240546
553571	691518
459480	573100
773312	971506
349540	434040
604573	755253
752703	944310
777655	976898
302753	376358
481287	600989
22109	23354
249168	310044
579523	723350
314067	390869
527872	658544
414314	515348
212919	265517
262223	326114
496120	618790
931074	1171019
523964	653517
371129	461062
168072	207997
595588	743883
821657	1032273
661035	827846
616865	771524
142332	175250
1005241	1265733
522014	650912
371099	460927
153715	189310
200491	249218
822384	1033272
990304	1246527
293899	365779
37347	41381
920681	1157931
450632	561422
123766	151011
161554	199621
854958	1075132
702357	880381
468913	585688
588795	734586
193875	241205
465440	581375
262310	326224
420224	522642
948794	1194404
435398	541995
148516	182966
887903	1116309
421891	524888
606436	757939
680631	852817
301222	374456
497706	620660
230212	286334
71091	84780
248188	308981
189805	235932
320598	398706
515323	642453
844875	1062723
525470	655688
481657	601328
831130	1044050
319534	397212
147189	181724
626098	783204
934131	1174823
929838	1169275
504267	628707
670786	841093
386068	480484
639346	799529
645514	808121
880191	1106804
156266	192520
339672	422425
345145	428896
114597	139207
898758	1130040
831802	1044995
223383	278458
566964	708358
613470	766551
774632	973122
545737	681513
20624	21325
800233	1005130
863760	1086388
324329	403409
375909	467267
510398	636782
194491	242064
349973	434433
726794	911128
988598	1244292
207639	258910
729223	914636
309688	385111
749759	940730
266441	331275
246196	306622
36232	40147
836441	1051443
454921	566945
599218	748551
474910	593148
264395	328793
720753	903269
698240	875148
915121	1150834
296562	368754
233628	290535
778516	977970
179677	222515
946297	1191466
588753	734509
302873	376395
28330	31089
235824	293290
656800	822150
981954	1235743
521868	650838
980908	1234372
961712	1210378
596024	744386
753149	944909
547717	684043
105540	127817
107571	130243
272505	338924
661394	828376
1018654	1283724
919320	1155776
837802	1053111
176309	218009
254825	317272
928003	1166695
241116	300011
62440	73860
813640	1021778
231906	288456
422657	525879
116068	141148
244125	304080
756240	949417
953521	1200179
385622	479817
833426	1046921
570195	712688
51498	60181
328865	408788
296750	369018
617265	771788
439088	547265
392530	488545
166195	205305
510007	636269
288079	358368
818690	1028465
531927	663523
573331	716547
904971	1137901
628457	785767
268603	334149
305357	379448
531442	662763
403683	502047
665875	834051
621341	776681
309265	384604
123709	150891
173201	213792
266480	331352
132510	162719
642672	804249
733277	919886
885914	1113840
223785	278719
702362	880500
555477	694163
363556	451523
497513	620520
499532	622734
350566	435286
800331	1005189
370260	459995
61028	72184
121697	148262
378709	470363
50297	58616
945699	1190761
850885	1070055
292574	364061
251535	313305
810751	1018232
775437	973927
757721	951493
884238	1111700
595617	743953
381990	474719
391978	487840
361315	448524
913522	1148604
817238	1026819
932434	1172565
155275	191302
722845	905923
535875	668657
432958	538654
537997	671582
701756	879556
762727	958325
114113	138775
364988	453662
421312	524192
543013	678220
811982	1019857
655994	821230
680575	852806
113176	137662
99548	120991
838108	1053616
817413	1026951
124770	152075
104833	126884
633397	791928
739908	928898
543700	678976
792059	995063
198382	246476
316294	393478
918320	1154574
744223	933795
199372	247697
602885	753311
252411	314123
370998	460747
469482	586424
866366	1090019
110849	134637
224824	280197
395806	492606
773073	971391
741155	930473
444592	554489
77018	92760
502482	626582
696495	873311
745263	935147
967007	1217287
793022	996554
756185	949333
998960	1257581
150818	185459
884722	1112222
233638	290639
389466	484412
338346	420971
489136	610312
987366	1242955
191684	238405
72552	86803
609466	761816
115170	140063
581902	726376
348119	432374
798708	1003247
181122	224551
63997	76159
729978	915602
678828	850467
514749	641749
470116	587286
801457	1006672
316262	393362
502412	626465
124382	151616
261723	325572
219774	274179
869515	1093707
156907	193160
572118	715000
280868	348573
371476	461519
607975	759820
71139	84889
132639	162868
33340	36952
503671	627880
491455	613879
102040	123853
826972	1038737
444515	554184
145806	179904
776993	976292
307345	382167
588971	734809
828829	1041304
399232	496699
553859	691973
447253	557183
597109	745820
416327	517818
100919	122473
429264	534351
763535	959245
415677	516955
219917	274306
116364	141540
524791	654861
558140	697381
130249	159773
519635	647953
105577	127844
808292	1015280
166258	205424
124517	151767
730444	916391
476911	595700
139322	171499
403982	502328
952867	1199433
309926	385519
404694	503134
670314	840442
652727	817144
863405	1086138
669001	838685
474771	592914
134850	165528
979497	1232619
224271	279420
564431	704952
102678	124621
954991	1202129
541283	676048
435147	541516
159924	197137
1004456	1264697
243694	303483
104700	126709
513482	640006
498401	621419
601115	750935
275215	342183
869259	1093433
121849	148436
708752	888432
282757	350939
192821	239870
636052	794938
26120	28466
44647	51296
185717	230433
680153	852166
131872	161720
775830	974361
318978	396713
199928	248432
854009	1073942
398177	495385
42402	47898
457719	570712
570278	712852
462687	577820
489723	611147
387581	482123
934787	1175596
40622	45669
906250	1139275
390740	486247
860390	1082278
992904	1249897
822018	1032719
344696	428492
283919	352446
369576	459332
628422	785678
129534	158783
581267	725656
693926	870316
387761	482409
586455	732213
204534	254642
699533	876849
857135	1078156
974510	1226640
109971	133583
470366	587584
242105	301229
522209	651139
801587	1006829
117156	142630
928196	1166929
793583	997166
199461	247853
145220	179143
846318	1064518
43842	50138
998251	1256579
65278	77793
859056	1080360
710452	890518
612892	765971
83196	100151
993957	1251441
794771	998231
239297	297850
240794	299827
950976	1196978
1002617	1262600
76946	92759
639751	800105
468738	585394
81075	97812
230563	286697
1011209	1273588
613291	766462
102157	123942
821755	1032352
238328	296375
797903	1002299
208509	259847
352187	437126
79373	95580
450981	561899
833277	1046801
667641	836806
169377	209325
56858	66764
679811	851771
1014648	1278220
755899	948875
194066	241433
549046	685692
396669	493497
80602	97238
361429	448825
158569	195177
100328	121765
91801	111748
686258	860516
803398	1009286
772367	970572
244142	304137
403659	502039
99365	120805
444945	554684
231338	287658
105760	127985
1015258	1279365
424377	528059
143472	176568
609275	761726
642539	803965
41943	47369
954965	1202119
780629	980635
169859	209973
577446	721214
456176	568755
287526	357725
671795	842443
565894	707009
795341	999086
474004	592107
246004	306418
667099	835990
634590	793483
175180	216535
407704	506970
416354	517940
315971	392962
221857	276292
338890	421559
115117	140061
122216	148891
363340	451210
749879	940878
773842	972176
329924	410004
840785	1057189
891767	1121021
564110	704622
570230	712795
389578	484737
648266	811539
719267	901664
961866	1210565
312822	389362
95496	115760
915942	1151864
698906	876010
313507	390144
857970	1078935
110830	134594
52334	61287
502548	626598
329208	409226
424085	527670
807787	1014514
301603	374992
464115	579574
350778	435504
87592	106122
479197	598678
653359	817984
882760	1109759
958232	1205944
697122	873738
499545	622766
428184	533189
265673	330276
948889	1194516
200720	249610
755608	948557
333938	415525
727810	912760
644929	807388
644675	807213
211997	264377
146058	180159
131861	161698
772064	970327
341160	424135
228237	284134
76063	91403
640569	800893
83845	101047
853506	1073345
229739	285703
909472	1143400
365762	454527
289828	360328
732425	918976
272430	338792
193834	241132
620874	776159
539714	674134
415083	516225
685443	859406
629054	786368
198615	246867
936524	1178237
647552	810522
467220	583309
763053	958757
227315	282953
879587	1106109
105198	127511
719607	901959
216362	269723
307571	382397
676277	847591
281418	349135
554049	692139
444666	554520
873946	1099273
374401	465330
182198	225781
738235	926656
169721	209832
180814	224124
886412	1114468
448407	558671
124609	151916
283141	351543
544219	679561
996052	1254139
370916	460661
810717	1018206
506547	631744
881362	1108283
476427	595038
605246	756133
302079	375625
334393	416112
129094	158389
73716	88376
135023	165777
409317	508708
90719	110217
143478	176652
953237	1200000
717833	899865
400176	497507
829331	1042068
676823	848080
420655	523174
412991	513668
359406	446333
319057	396762
436246	543076
672846	843588
54624	63939
846891	1065252
206338	256978
977214	1229652
1009139	1270892
63535	75416
349397	433816
65175	77731
622050	777355
160697	198188
59995	70703
653108	817839
605240	756055
366925	455822
909052	1142961
711055	891234
287874	358016
915766	1151712
262938	327086
256101	318806
480119	599777
586939	732428
428131	533158
518323	646396
897208	1128189
761381	956550
407254	506236
165768	204839
842838	1059841
192731	239785
965090	1215033
80477	97011
179324	222052
223884	278941
58398	68543
644720	807229
158666	195369
457728	570799
358245	444872
142404	175261
761178	956161
62097	73392
409796	509235
106237	128531
185629	230242
748665	939567
288319	358696
496625	619389
776678	975810
622847	778678
912279	1146938
295536	367587
349667	434101
482088	601872
443136	552288
546070	681904
923188	1160984
568677	710625
101965	123805
675303	846691
740285	929400
729063	914324
957430	1205022
985015	1239772
194923	242613
780625	980605
538199	671848
741085	930318
976055	1228386
398834	496192
71923	85803
988086	1243677
631723	789958
390488	485908
647673	810852
523787	653504
982376	1236376
566431	707840
87360	105788
294433	366277
363862	451893
872255	1097124
424753	528459
450773	561646
425766	529615
373812	464438
98951	120394
229311	285364
422522	525720
450766	561615
306274	380805
930075	1169505
565903	707097
582103	726744
392974	489115
845584	1063550
50060	58524
606774	758344
1011801	1274465
504076	628335
445343	555373
487172	608297
986132	1241210
292974	364501
900775	1132808
193442	240692
315835	392835
759300	953795
480081	599739
381147	473678
620193	775218
335524	417514
485771	606685
938234	1180380
835492	1049994
655699	820979
385333	479369
749142	940011
877363	1103440
231698	288079
178628	221103
487615	608579
712123	892563
684323	857993
364594	452955
871032	1095377
99110	120579
617392	772149
945058	1189966
358893	445506
958203	1205937
161745	199782
295495	367519
520174	648817
466001	581932
371830	461789
265099	329701
247816	308775
412742	513264
867007	1090951
505395	630195
204207	254186
286020	355289
147568	182046
382136	474845
220377	274789
626276	783389
569724	712081
47655	55157
897579	1128667
705698	884361
255947	318529
125197	152793
614510	767987
371716	461647
1012364	1275134
422048	525219
167564	207119
972970	1224769
165634	204640
596020	744346
654932	820152
880266	1106932
632001	790257
955799	1203102
215153	268488
130867	160411
640440	800709
480972	600753
810472	1017876
601703	751721
786750	988515
360334	447428
535262	667912
75586	90904
206310	256872
744610	934462
319088	396859
408079	507407
614559	768109
300656	373816
298782	371950
278291	345874
216874	270405
87366	105888
923421	1161151
296923	369255
238267	296259
728220	913105
528677	659653
675573	846899
586555	732240
749311	940156
392054	487979
33578	37142
199521	247955
592220	738793
748467	939190
66841	79402
564831	705740
464197	579684
497833	620908
980815	1234328
707056	886158
713754	894978
465801	581799
377424	468693
1014906	1278596
913317	1148177
156083	192467
530911	662129
181650	225108
443360	552727
634050	792715
559563	699225
294109	365820
266857	331807
426092	530302
117801	143568
197919	245962
215289	268611
625789	782911
60343	71298
726683	911004
877277	1103138
520962	649653
497435	620496
466324	582433
264003	328390
459684	573351
660733	827555
284469	353379
287414	357543
679200	850911
443358	552623
65611	78191
415405	516620
843944	1061422
286110	355508
755043	947674
217656	271489
180162	223113
232993	289942
339699	422502
33630	37271
337493	420027
558830	698438
189693	235857
197136	245085
983514	1237706
189477	235553
267131	332237
527456	658073
989817	1246019
688992	864312
376796	468101
870296	1094524
326073	405474
447442	557389
957924	1205566
813410	1021499
213830	266697
752830	944477
190032	236304
198843	247117
210514	262780
773439	971629
898168	1129309
604773	755419
941822	1185655
219970	274347
557323	696506
586147	731644
76853	92549
148243	182641
791705	994715
758156	952205
326305	405730
173859	214428
504401	628878
127444	156468
583702	728746
398127	495309
323040	401801
601997	752076
330370	410405
617836	772667
169577	209617
348486	432685
374624	465645
395522	492420
605003	755767
348986	433321
733795	920664
294473	366379
579050	722796
125111	152610
293082	364696
322291	400825
720019	902509
428588	533701
232742	289451
336340	418552
478375	597829
58900	69238
888193	1116735
33773	37465
414149	515182
345331	429181
89310	108552
896161	1126519
595110	742975
612266	765307
658621	824631
528752	659736
29942	33140
664651	832738
904799	1137717
905720	1138702
261965	325840
293238	364835
962702	1211446
235327	292794
863032	1085627
721341	904145
1010575	1272675
827645	1039664
268172	333484
444254	554054
242943	302442
468640	585282
603113	753624
233528	290427
252042	313798
613949	767226
446960	556838
257837	320815
325172	404466
195108	242721
91461	111109
125637	153404
562944	703181
242195	301446
675403	846771
80851	97435
433202	539059
348667	432887
999427	1258149
174423	215351
97621	118480
138071	169604
321073	399271
324454	403630
987842	1243351
563620	704100
270728	336676
673505	844554
289859	360380
60124	70905
952410	1198699
544466	679815
541268	675940
195973	243678
151865	186797
793143	996609
70920	84692
239717	298317
278263	345795
584037	729179
914957	1150653
668706	838426
52750	61580
837847	1053207
75450	90769
826016	1037444
770270	968426
87643	106300
224114	279193
234871	292267
835720	1050377
291863	363144
470929	588420
287583	357842
157774	194508
726177	910395
944845	1189604
581211	725554
212768	265386
602618	752928
894369	1124288
285251	354438
353650	439071
724217	907616
145009	178938
741658	930763
152773	187916
804308	1010486
747064	937458
1019086	1284403
903370	1136035
576377	719672
153129	188438
223144	278197
38239	42484
177846	220141
400681	498269
623857	779974
390357	485791
26916	29370
399479	496806
377356	468628
214590	267659
158455	195119
317231	394525
383308	476557
156581	193012
343884	427615
100325	121702
344364	428232
580374	724446
226520	282014
853831	1073665
376219	467554
560623	700436
873450	1098657
854118	1074013
879591	1106119
324983	404105
27549	30190
850908	1070133
624297	780727
371951	461972
376383	467612
538052	671585
629769	787371
981842	1235658
512907	639354
975402	1227377
743057	932375
293218	364823
341743	424763
374253	465016
160112	197350
258287	321653
390014	485292
742304	931411
153628	189084
645653	808386
1005643	1266180
975290	1227329
441459	550268
832715	1046036
492773	615283
478747	598192
384750	478445
391148	486780
554562	692827
204008	253950
524572	654707
606748	758337
205227	255727
775894	974541
38145	42318
784568	985743
55141	64603
552226	689847
454162	565914
279506	347174
359928	446877
289317	359764
138499	170327
632912	791266
368399	457773
727359	911961
1006302	1266897
720441	903004
797584	1002115
450355	561020
956706	1203934
215492	268824
626502	783635
202174	251616
771249	969491
21274	22030
484025	604278
387693	482337
426471	530727
24138	26239
462416	577396
779851	979581
904090	1136782
380531	472762
92634	112369
620885	776248
800090	1005016
446666	556597
870002	1094309
327795	407549
731412	917856
232755	289552
860751	1082769
914536	1150000
356078	441683
717994	900005
683376	856900
187768	233381
766128	962690
490341	612146
127913	156889
253190	314994
203777	253597
153038	188357
678854	850537
315174	392024
911587	1146293
60379	71384
230241	286423
219028	273109
921360	1158851
490722	612771
183439	227558
813122	1021026
194827	242454
858244	1079244
928872	1167817
678784	850447
262847	326983
403077	501417
541032	675765
41771	47290
319855	397657
179786	222652
446277	556185
288444	358824
901057	1132884
919367	1155856
732215	918740
972058	1223517
794508	998119
104552	126594
559424	698886
654317	819381
335839	417913
536500	669381
1008432	1269940
598706	747860
522959	652369
976053	1228313
938507	1180612
699392	876576
279280	346976
201281	250279
719066	901336
198180	246136
121610	148134
526546	656882
221932	276510
539623	673924
648534	811893
263197	327385
402775	500877
26631	29116
357519	443886
656279	821575
445089	555250
277942	345311
582136	726790
895348	1125703
929097	1168074
204577	254855
97179	117976
214926	268119
573823	717062
493549	615951
337122	419589
394868	491440
611767	764777
345474	429364
814805	1023258
88881	107787
497026	619989
748386	939119
703798	882157
870470	1094739
984614	1239116
304151	377986
316805	394109
48446	56438
663645	831493
159078	196076
920961	1158345
610860	763453
181814	225334
784729	985947
938842	1181005
984970	1239718
820687	1030720
404463	502981
295979	368225
95289	115568
429897	534822
617879	772728
436589	543508
27190	29913
318582	396274
886867	1115027
1003562	1263546
585617	730792
170383	210539
641776	802695
165535	204544
649528	813139
176634	218365
145337	179385
150046	184733
246800	307280
571790	714686
207805	259078
737562	925403
508474	634302
1009310	1271129
231949	288544
322873	401606
733472	920257
61757	73103
169889	210000
256944	320008
814067	1022481
379011	470718
146311	180363
386822	481275
450717	561578
657060	822475
428760	533781
53561	62757
848636	1067155
187111	232558
418994	521042
402419	500448
250308	311628
723601	906818
161659	199720
318493	396134
542165	677181
184876	229382
813761	1021935
638087	797634
877337	1103324
82390	99127
86121	104029
351339	436155
769647	967702
437625	544908
292637	364154
421213	524158
103333	125271
889749	1118605
373211	463593
380000	471994
189942	236172
967256	1217555
1011236	1273759
716235	898343
920851	1158233
601790	751753
232513	289011
376024	467380
681339	853671
955611	1202707
861682	1083915
313156	389782
740671	929814
351927	436756
169813	209905
339399	422132
173761	214375
481416	601135
119412	145428
909865	1143808
371697	461610
934423	1175241
493865	616508
667376	836307
757972	951932
985477	1240394
518927	647175
811513	1019182
970555	1221715
667366	836239
427442	532043
348711	432891
50796	59255
839705	1055650
975733	1227772
20011	20426
791294	994172
455134	567361
741471	930611
391203	486834
194203	241686
358811	445410
439877	547954
482884	602782
32782	36261
340182	423090
851460	1070635
872061	1096929
35642	39494
523370	653109
935300	1176341
659455	825665
1000325	1259474
362249	450002
814597	1023009
457085	569934
841554	1058239
266191	330794
450822	561681
136077	167121
811640	1019291
798547	1003119
311250	386940
434720	540988
955399	1202547
966574	1216885
372049	462094
625627	782380
339131	421849
359533	446504
884773	1112287
348820	432984
440893	549763
899773	1131497
889113	1117912
266424	331162
966842	1217218
864871	1087969
678391	850045
916052	1152017
652772	817253
816314	1025283
835528	1050084
951912	1198301
666359	834829
681176	853469
479926	599670
293683	365533
411739	511957
176768	218537
488378	609457
267498	332755
808960	1016033
111553	135514
415080	516177
400857	498523
620602	775681
963541	1212688
133402	163829
614148	767532
215772	269098
706741	885716
445532	555518
638503	798435
397475	494492
298046	370699
283027	351174
910204	1144344
79200	95325
406707	505588
400626	498123
303577	377224
191119	237741
301411	374718
47192	54266
168234	208116
661870	828953
425213	528806
167616	207178
994275	1251863
542509	677601
386666	481095
404309	502739
812471	1020394
878574	1104882
473862	591908
834168	1048026
672366	842959
736128	923486
620049	775063
268500	334022
707139	886275
126110	154136
831909	1045147
417833	519835
56834	66748
857330	1078300
98067	119412
787926	989756
196416	244162
827917	1040178
462002	576786
487489	608461
673309	844158
700457	877863
334831	416931
140209	172679
420271	522660
496265	618898
62800	74264
364906	453539
220418	274900
356995	442888
49513	57751
481519	601279
379343	471407
230178	286239
106906	129333
870119	1094340
240834	299849
720260	902759
278352	345971
646211	808740
626620	783800
269548	335408
767130	964274
82236	98885
193728	240944
212981	265667
299976	373162
31747	34936
406345	505219
249212	310153
446164	556113
178814	221309
828052	1040408
45499	52049
274577	341537
263773	328000
999226	1257945
254761	317147
333082	414325
709570	889416
41119	46211
507705	633433
962389	1211312
974972	1227233
951602	1197753
152456	187516
674015	845242
782511	983065
920518	1157785
99043	120508
221025	275373
802826	1008472
339274	422003
47303	54605
600437	750085
185136	229785
293811	365652
169281	209214
230898	287223
432986	538706
553120	690969
204927	255381
245246	305455
109742	133305
26185	28482
351214	436024
354247	439670
836937	1051939
127432	156344
56750	66535
210367	262500
649318	812725
335893	417923
195503	243192
405947	504932
43234	49132
985983	1241067
632936	791302
905319	1138234
166012	205162
676658	847874
172328	212794
809214	1016185
671269	841806
428849	533798
498623	621571
655811	821082
382241	475023
450094	560857
498674	621642
357032	442938
577782	721541
988306	1243923
64940	77339
963245	1212265
767317	964518
87959	106628
690491	865915
409823	509303
463657	579028
532671	664508
642825	804426
889204	1118146
359663	446606
281867	349685
387979	482742
375556	466956
640057	800313
612283	765387
586738	732304
442235	551285
594775	742592
1004262	1264477
43502	49563
44516	51081
439649	547788
52127	60933
605698	756778
81515	98249
481742	601472
830100	1042771
974916	1227036
812734	1020637
359757	446760
619652	774865
171453	211742
658885	824877
896301	1126896
762340	958019
463346	578614
323145	401932
332813	414047
987097	1242509
477951	597158
609583	762313
45219	51834
545134	680760
83379	100511
504748	629383
94836	115083
700861	878462
103615	125580
335716	417720
701996	879998
158376	195022
546648	682717
969713	1220519
29120	31892
512793	639316
417943	520005
455366	567607
619646	774849
25954	28246
1008140	1269523
947535	1192854
513876	640566
514924	641900
645823	808472
829032	1041527
662992	830403
949858	1195601
48114	55922
861570	1083851
66048	78517
53812	63039
46741	53607
189030	234877
830355	1043112
322443	401023
68014	81115
1015713	1279790
793460	997000
326121	405514
652411	816802
937119	1178762
111952	136060
36976	41063
94913	115090
661816	828919
609557	762081
452373	563805
365178	453808
608149	760160
973484	1225373
899169	1130535
251127	312676
298643	371506
143036	176141
108594	131675
93998	113749
243118	302798
833974	1047736
266305	330899
346764	430841
434638	540886
382195	474918
762962	958557
681967	854620
650608	814445
850594	1069564
324102	403273
1010214	1272071
388144	482765
129010	158298
308937	384221
248593	309462
926036	1164469
84662	101981
616399	770846
229649	285612
560759	700581
322793	401484
466156	582199
958731	1206716
921748	1159232
971613	1223079
696309	873133
749349	940180
995139	1253105
288575	358946
77527	93190
361085	448354
760583	955443
747193	937686
268309	333711
122856	149695
473230	591068
327531	407172
677192	848453
157739	194359
191364	238045
773069	971318
964734	1214455
926015	1164369
386253	480572
752335	943992
321494	399798
708274	887880
593513	740919
604385	754998
306343	380952
422676	525923
888991	1117830
282217	350161
551962	689502
59143	69615
483546	603543
341295	424266
929380	1168592
327889	407680
997625	1256078
841110	1057534
972265	1223758
330081	410151
23422	25256
155776	192124
106967	129542
398802	496161
219116	273244
190973	237559
690162	865593
51649	60286
380860	473226
551604	689065
603546	753984
628177	785430
424553	528148
873106	1098087
163592	202319
767421	964623
309124	384400
712027	892379
864027	1086896
669622	839410
466271	582287
657288	822776
786689	988376
483303	603243
845951	1063975
942005	1185931
446869	556708
57139	67136
607763	759725
681819	854393
271377	337417
389978	485270
238393	296518
467362	583586
347685	431818
934403	1175220
475444	593775
362497	450177
764465	960280
190507	236945
510147	636412
457808	570916
663309	830972
694953	871611
109448	132888
234105	291232
505598	630613
544350	679799
788681	990696
176030	217782
475481	593876
187014	232395
818864	1028677
998715	1257321
976744	1229095
71042	84760
608307	760291
253130	314938
314492	391203
89654	109031
783184	984008
212695	265366
167945	207771
746908	937224
378201	469699
165180	204130
1001192	1260399
332395	413324
22951	24514
62927	74497
757722	951571
468084	584636
181107	224527
449458	560000
476667	595470
977221	1229740
118697	144679
882938	1110088
895782	1126263
904213	1136890
512474	638999
828913	1041316
210289	262431
564678	705481
211055	263407
771056	969357
954500	1201432
167269	206774
622948	778853
258184	321411
186970	232370
884059	1111634
949121	1194797
421020	523672
989440	1245580
681287	853546
642019	803376
304374	378215
926660	1165106
52773	61722
455705	568002
180732	224041
20345	20904
458822	572132
880363	1107027
555147	693574
661939	829103
648058	811139
365393	454087
51695	60313
199723	248209
552834	690661
559820	699592
878204	1104411
365280	453941
927140	1165776
377006	468147
675251	846595
493818	616429
916304	1152356
332060	413019
590775	736832
265305	329922
188846	234646
200004	248672
659724	825955
856453	1077250
208846	260312
539010	673072
384170	477542
723854	907135
247460	308193
424172	527800
903006	1135534
438572	546424
177962	220265
265871	330514
449071	559617
298106	370789
261016	324584
397737	494706
513617	640232
418067	520033
650844	814740
213465	266291
85650	103410
414565	515657
103226	124996
790848	993711
409726	509205
618677	773534
44254	50583
264053	328515
405862	504754
795731	999495
196576	244462
201881	251060
538955	672945
91948	111868
878072	1104288
827608	1039662
252203	314024
893588	1123052
231591	288017
393259	489465
270041	336045
968795	1219542
177220	219065
1008957	1270741
175871	217670
326230	405620
572983	716118
376791	468001
313939	390535
102777	124735
785850	987248
816664	1025923
640707	801150
85971	103898
367831	456993
957690	1205325
506195	631372
582351	727073
292636	364106
1016766	1281496
29408	32338
1003781	1263861
993054	1249986
394367	490691
77793	93509
599010	748397
356045	441598
547877	684160
192487	239482
110800	134496
81045	97665
982647	1236704
650501	814219
762919	958526
206009	256524
531627	663057
648334	811581
308361	383471
567274	708753
262127	325965
832325	1045606
252836	314679
536896	669960
776565	975648
906892	1140101
987133	1242613
251595	313340
137769	169215
727553	912458
675641	846980
581613	725949
364334	452495
78264	94074
710747	890855
404246	502622
627279	784453
235074	292428
283130	351446
69464	82845
881505	1108424
290479	361458
318372	395832
204307	254337
379185	470989
960460	1208759
723972	907221
987200	1242676
227945	283807
631514	789523
189960	236222
117195	142733
319441	397045
584842	729718
388795	483703
792257	995322
726252	910482
566698	708227
1017424	1282305
919398	1156038
898917	1130207
52445	61379
557192	696416
401233	498830
41983	47380
316223	393352
195472	243008
895898	1126309
774033	972399
272847	339373
633771	792263
301351	374616
826546	1038246
502645	626826
697197	873766
405631	504336
860407	1082337
654598	819766
112467	136769
750589	941904
285594	354817
67842	80670
1009226	1270897
234046	291141
409098	508458
656817	822258
74415	89372
843530	1060732
36421	40332
696184	873063
933482	1173888
693117	869196
839381	1055105
964806	1214558
826919	1038640
802925	1008558
727491	912341
234980	292426
698352	875248
870920	1095241
126442	154758
494150	616736
519269	647410
909951	1143965
580229	724237
705813	884612
568387	710359
862533	1084995
248630	309529
523302	653092
336439	418590
346601	430663
162322	200636
762996	958691
843038	1060182
68739	82072
369607	459372
474460	592589
872119	1096990
403597	501814
797981	1002332
170307	210316
1003386	1263383
730164	915933
556862	696033
348796	432927
993151	1250119
945755	1190867
962135	1210860
453687	565426
80824	97410
379947	471937
619464	774767
562206	702217
154659	190592
777530	976731
261974	325901
364779	453354
1018020	1282919
362879	450571
490810	612855
637261	796495
918494	1154853
766723	963591
179665	222442
858968	1080132
926214	1164684
996297	1254430
223513	278475
617126	771709
786692	988465
1017183	1281965
270681	336665
526415	656715
142263	175062
884845	1112463
890813	1119854
493121	615436
697374	874056
454620	566501
259315	322748
653505	818196
492604	614978
529201	660341
417187	518962
275556	342502
907274	1140725
90223	109624
747043	937377
42934	48588
473583	591622
404568	503042
619924	775029
193009	240143
879534	1106087
916669	1152938
731043	917344
368386	457768
227335	283111
353429	438737
360896	448193
760291	955146
291052	362163
738822	927350
216516	269907
986605	1241924
54706	64262
748409	939128
313670	390252
549310	685958
735077	922496
546708	682811
692636	868524
289764	360264
251829	313540
423317	526670
885968	1113900
407996	507234
101771	123652
39830	44575
155031	190985
122971	149877
55347	64790
415626	516928
344232	428102
731599	918147
823748	1035011
165930	205001
302623	376268
119608	145715
855384	1075959
594276	741992
529469	660684
526273	656596
465420	581278
463619	578928
828386	1040700
22803	24226
784166	985292
660462	827132
158165	194771
479986	599684
180767	224117
46068	52786
129385	158646
442919	552057
197167	245136
540172	674691
383216	476506
1003659	1263615
328823	408638
292879	364338
619776	774880
561313	701265
734057	921019
306638	381353
981894	1235661
392848	489024
551248	688542
508746	634603
91541	111222
275675	342617
1008836	1270594
863001	1085505
344265	428118
658485	824503
482227	602098
837960	1053305
44018	50349
923264	1160997
629466	787050
770093	968282
213145	265927
899579	1131121
613166	766248
717208	899212
237345	295220
285075	354032
220192	274635
82591	99359
99477	120931
188150	233779
393932	490163
962833	1211784
330827	411082
1000580	1259765
488667	609753
941164	1184286
270151	336150
714167	895424
780892	981035
990187	1246502
242810	302180
26315	28679
122343	149069
436947	544088
105585	127863
557309	696468
101088	122544
188416	234156
427028	531534
111191	135137
816635	1025857
483956	604065
702863	881092
394768	491209
739095	927785
303322	376796
28053	30731
365719	454494
409630	509129
965955	1216087
673677	844733
799286	1003923
54971	64431
544961	680593
139357	171612
448934	559544
948189	1193581
148833	183319
545462	680984
136722	167867
631094	789131
87904	106624
1001040	1260208
253443	315357
211898	264332
663494	831222
544046	679468
192567	239539
129042	158334
168470	208470
1005810	1266446
276319	343404
768363	965779
532596	664473
447696	557836
329166	409186
328430	408218
788708	990824
371273	461083
827962	1040205
898566	1129885
344995	428702
757019	950567
686637	861055
374342	465243
387119	481559
95348	115623
534382	666765
238580	296806
278314	345958
876455	1102294
507016	632590
770237	968348
889593	1118483
388188	482858
452834	564326
104622	126644
237469	295366
912125	1146798
731302	917635
388529	483275
96399	116900
343429	426897
390194	485526
274522	341531
364760	453280
888984	1117762
469545	586544
25040	27126
336626	418822
622471	777983
522706	651966
75892	91254
1011307	1273826
800376	1005274
944665	1189502
921010	1158381
1014868	1278534
881404	1108350
398031	495147
182341	226012
1000062	1259082
93908	113699
477475	596436
242061	301058
263923	328288
168247	208190
389596	484742
385593	479751
661898	829058
866853	1090758
999476	1258255
998764	1257358
409127	508471
435627	542243
624510	781091
759414	953999
461580	576224
255769	318236
626480	783625
431956	537676
256609	319517
810237	1017418
348283	432582
261581	325311
565260	706270
799439	1004154
294811	366594
239817	298508
541706	676567
471361	588955
613917	767105
886681	1114824
140164	172643
1004555	1264751
554149	692155
885042	1112694
394413	490714
608057	759963
884197	1111666
428892	533899
148596	183094
222719	277268
87161	105753
728076	912911
214927	268228
577318	721163
455721	568092
572609	715697
262178	326030
493952	616638
1005957	1266561
69528	82915
410759	510846
254877	317367
152146	187155
665816	833949
466680	582747
662535	829958
419129	521099
1017062	1281717
267834	332991
885595	1113556
637913	797496
760187	955004
421637	524597
122733	149564
749360	940214
269264	335042
304406	378244
491536	614032
955199	1202336
812049	1019894
762418	958079
127181	156149
304913	379056
365237	453893
78785	94864
649915	813591
113347	137833
317100	394416
523781	653440
757768	951629
636096	794969
671994	842649
828551	1040997
92906	112657
534280	666598
74526	89465
651693	815777
527260	657856
269748	335662
896621	1127377
393792	490043
546314	682258
926155	1164519
874019	1099347
607449	759442
44499	50869
466872	582992
484233	604567
453137	564666
390684	486158
110984	134785
631201	789209
976745	1229114
1004993	1265418
308760	383997
382972	476237
452786	564273
496849	619733
471308	588845
687512	862356
844058	1061478
87071	105432
909904	1143845
543978	679328
275443	342395
196486	244271
450101	560858
328576	408388
219878	274295
520068	648552
606218	757568
839021	1054700
287921	358173
26380	28850
579315	722994
713608	894735
990837	1247474
448789	559338
737273	924940
633866	792506
425459	529182
638785	798719
507670	633357
137289	168431
510652	637041
426991	531407
626230	783294
457376	570312
707390	886599
565472	706510
380274	472326
748998	939838
444990	554824
635290	794141
827783	1039734
368565	457957
635356	794204
808674	1015612
433149	538939
187599	233079
525511	655715
101565	123302
212456	265054
1010314	1272206
406954	505932
216211	269580
416026	517282
174065	214790
234521	291955
764283	960053
537896	671432
175825	217669
353806	439165
25537	27697
337940	420689
335280	417282
136744	167967
382990	476290
295859	368074
331189	411870
237104	294931
475700	594226
504346	628775
386233	480533
903447	1136172
240739	299719
248806	309693
911300	1145826
170702	210746
757868	951660
54666	64103
88215	107010
343795	427503
830484	1043360
349181	433589
987653	1243124
223183	278260
227685	283545
896402	1127038
445352	555413
389764	485036
858140	1079187
407372	506483
96567	117032
633407	791953
162743	201248
895310	1125616
394185	490433
674773	846111
1013781	1277149
481812	601513
994439	1252055
735471	922872
654121	819109
655519	820904
332630	413576
283522	351907
289960	360676
810469	1017763
917098	1153413
349794	434284
273930	340736
761279	956473
384305	477741
583022	727821
512407	638977
127096	156006
441523	550390
650740	814465
433393	539251
218959	273047
252182	313942
749859	940826
288680	359183
238958	297276
54440	63698
467303	583531
906469	1139610
20073	20556
911307	1146065
664057	831891
84365	101627
565772	706942
21615	22670
66084	78631
154847	190874
702294	880296
800018	1004871
724841	908411
894010	1123789
290643	361779
962139	1210864
213009	265751
298992	372059
327791	407453
351952	436819
89601	108990
508171	633869
255555	318067
225768	281214
264894	329406
896994	1127792
341410	424445
205532	256022
959948	1208292
137093	168274
564793	705580
1006944	1267875
401648	499247
131572	161434
908203	1141894
458528	571895
467784	584144
76509	92091
665408	833463
256184	319054
387603	482184
908419	1142162
157993	194618
926313	1164823
559255	698758
409305	508606
323181	401979
811855	1019708
758765	953169
711279	891442
71208	84959
822089	1032854
847960	1066585
66208	78770
922986	1160859
352419	437466
799703	1004456
570439	713094
807297	1014061
596472	744879
592672	739561
512253	638752
340345	423118
913116	1147797
619858	774979
515063	642137
454793	566815
113572	138181
886486	1114582
641027	801562
248338	309067
630108	787968
323720	402758
270629	336590
46528	53286
475779	594355
625046	781703
67947	80828
317770	395085
438937	546939
157863	194530
824569	1035907
80290	96766
33108	36537
186777	232129
330131	410160
752070	943565
440771	549455
49373	57548
306465	381055
70643	84182
328664	408494
122093	148665
36552	40562
1017745	1282627
35635	39489
174376	215327
533710	665875
170150	210164
352262	437232
731577	918015
135092	165898
290428	361347
168588	208521
649353	812840
377240	468461
277704	345037
393002	489218
569963	712264
588955	734739
679653	851502
371816	461738
262506	326688
505052	629637
467292	583425
404062	502443
593955	741574
551418	688753
355835	441401
832837	1046252
709466	889315
118652	144618
652624	816988
135651	166630
769719	967710
424580	528293
81362	98044
115973	141146
183656	228007
735003	922326
89688	109145
678361	849941
208703	260065
93422	113075
961815	1210443
468234	584806
571466	714250
102655	124605
653126	817851
325189	404503
899216	1130612
377463	468707
257600	320662
742391	931497
792297	995437
470979	588446
32746	36074
890004	1118918
129215	158519
162448	200834
405691	504473
1016069	1280380
21488	22480
618691	773594
259096	322605
339799	422716
417309	519076
635285	794090
486063	606895
192562	239523
235903	293463
203848	253719
907505	1140971
702539	880693
591760	738256
908085	1141758
1002888	1262761
876208	1102039
369930	459514
474665	592797
421355	524286
746487	936700
569484	711733
728908	914029
625642	782449
879103	1105598
64348	76698
979102	1232093
678940	850720
428743	533772
518426	646540
341842	424852
308445	383627
479477	598923
469379	586280
329944	410075
838453	1054023
740944	930233
268677	334178
869761	1094020
265392	330037
525611	655853
404877	503405
714939	896713
924201	1162178
57727	67836
318984	396758
795032	998661
235776	293279
537573	670884
117902	143591
210158	262276
893199	1122601
168086	208003
94330	114200
312775	389246
783672	984700
951700	1197965
775964	974760
432481	538200
422181	525372
638011	797536
957210	1204577
50544	59037
868525	1092663
316014	392967
60984	72066
614783	768205
282661	350678
196281	243974
129264	158579
909632	1143562
510686	637138
996929	1255229
362079	449874
413090	513802
948018	1193259
731862	918289
571675	714437
112217	136512
255878	318353
686413	860670
356143	441760
146607	180780
638527	798448
740789	930046
180394	223518
294979	366808
60701	71788
549614	686462
142697	175541
674373	845680
438866	546836
171383	211664
439929	548071
72061	85866
821786	1032377
460937	575495
798936	1003541
274140	340984
240019	298769
563258	703604
483438	603369
587222	732718
1014516	1278025
902754	1135158
307203	381998
323485	402345
704306	882729
628371	785569
751123	942595
674205	845403
211438	263967
231577	287950
272175	338512
443954	553464
198248	246266
346138	430092
509609	635733
294488	366403
755543	948482
394490	490892
345285	429075
575808	719152
279809	347468
518895	647071
874416	1099771
981320	1235126
615172	768822
858020	1079024
483915	604007
330847	411194
411280	511521
399640	496956
213288	266118
527142	657735
942379	1186434
297658	370147
809898	1017047
231069	287386
654169	819238
623019	778925
114370	138978
457636	570616
789334	991538
699050	876199
389471	484515
803901	1009885
325932	405350
156942	193197
836970	1052130
373492	464113
563142	703480
747178	937615
582257	726965
268939	334721
78492	94590
206162	256711
584574	729534
971752	1223234
579826	723590
435189	541632
47850	55362
822608	1033456
621235	776584
181370	224778
740444	929630
508763	634611
544741	680437
451628	562664
728152	912985
264802	329226
276223	343165
272333	338619
510943	637459
371063	460810
605325	756222
1012505	1275219
148920	183454
767895	965094
402010	499734
436364	543283
429117	534239
507033	632670
688237	863415
362731	450455
316545	393690
515164	642278
261649	325405
208230	259465
878789	1105264
138584	170473
638426	798212
330639	410799
884952	1112669
826570	1038366
45044	51547
275980	342978
285974	355282
619395	774593
520266	648921
504451	628969
268426	333969
640686	801120
268701	334203
669217	838848
36580	40669
284999	354017
504296	628766
903210	1135728
207542	258865
660987	827845
866739	1090546
255332	317753
761674	957055
458142	571238
485599	606510
396284	493039
600872	750588
651461	815654
374601	465623
975811	1227950
834048	1047820
913811	1149019
556251	695323
291493	362567
779665	979241
901288	1133463
150664	185301
845809	1063704
520935	649624
24631	26758
20137	20596
619136	774194
150233	184956
842183	1059009
682482	855563
45297	51868
485773	606688
787763	989515
345305	429130
21355	22209
305116	379153
70883	84602
912950	1147702
709023	888698
524798	654904
259069	322561
281325	349054
370529	460202
518331	646485
299085	372108
554692	692937
59503	70125
698849	875951
430202	535196
1006413	1267139
594508	742117
75795	91156
812006	1019888
151559	186420
687679	862740
452460	563869
412771	513368
515392	642515
148586	183006
802652	1008175
412025	512363
420363	522840
408513	508030
536319	669123
461988	576726
522623	651782
494366	616868
695684	872527
853454	1073133
439470	547552
322368	400890
766953	963908
1009123	1270865
494175	616788
869695	1093930
882795	1109858
716798	898892
222026	276537
383534	476717
626349	783589
1014274	1277654
756587	949943
143729	177036
900299	1132038
42360	47810
130790	160378
790134	992632
116747	141938
768387	965827
83234	100251
874092	1099457
539772	674199
873709	1099127
580153	724027
623520	779472
57763	67893
360816	447982
374707	465718
435754	542541
896433	1127222
96744	117242
340856	423880
129860	159326
39696	44547
449625	560122
550413	687481
789093	991292
215945	269330
1016882	1281593
190628	237033
118667	144624
513534	640195
178308	220723
226193	281864
682656	855900
396065	492989
754252	946496
387164	481709
900705	1132504
414462	515465
425057	528674
733310	919982
495797	618462
379166	470916
434206	540336
757446	951078
64975	77501
281901	349694
815371	1023995
680805	853060
107744	130471
679367	851148
811768	1019497
681220	853509
460225	574250
942956	1187221
861706	1084031
557109	696353
265178	329764
597892	746826
733396	920157
531980	663574
881196	1108084
686917	861537
249922	311056
342464	425786
469233	586067
146354	180417
202037	251401
356921	442776
989335	1245468
133629	164021
204596	254952
64964	77462
964226	1213750
773384	971538
373294	463734
44713	51316
528177	659124
644062	806233
26531	29011
288604	358996
374177	464812
881019	1107872
767618	964942
184446	228871
43626	49775
901934	1134157
328335	408206
200693	249508
611290	764226
664608	832544
831628	1044738
927632	1166302
588319	733906
919885	1156684
543356	678557
183028	226897
887959	1116396
648665	812029
721808	904498
501979	626121
268408	333883
987230	1242759
933436	1173800
67951	80886
125607	153307
346826	431033
547968	684266
1000910	1260135
247183	307808
480417	600102
922578	1160287
228404	284427
311858	387804
854801	1075022
40263	45345
632327	790592
862364	1084870
983130	1237163
994451	1252175
323294	402176
32195	35445
295340	367497
136030	167076
683699	857380
148131	182533
520145	648783
541963	676782
489339	610669
679115	850854
848870	1067490
790887	993818
426051	530205
415472	516761
877728	1103631
600896	750651
988734	1244350
93153	112874
254074	316053
221180	275475
566523	707885
47527	54929
658029	824047
947864	1193111
772718	971025
757132	950639
910803	1144983
742635	931963
51313	59918
594015	741609
86490	104531
533024	664926
626203	783252
217029	270687
430542	535865
600703	750474
940133	1182875
459049	572377
899352	1130846
456255	568926
196694	244589
528577	659560
141979	174745
669285	839043
963451	1212575
648175	811364
222637	277253
764514	960318
728483	913394
640305	800563
532896	664821
534037	666324
992167	1249156
372947	463293
849152	1067890
891968	1121314
168904	208856
479515	598979
117557	143087
439063	547208
679877	852036
407185	506117
497958	621093
644005	806112
624729	781308
207643	258933
426655	531060
725066	908695
50404	58858
667044	835765
81949	98593
294824	366703
701557	879381
49164	57119
238857	297086
865428	1088693
214994	268320
794881	998470
557942	697118
287885	358077
165512	204445
411111	511171
255120	317482
131153	160772
247298	307928
211116	263609
713976	895191
765031	960958
774323	972585
756850	950257
576046	719472
600522	750188
958053	1205747
501285	624942
557513	696736
39770	44567
450034	560770
273776	340411
492018	614366
358097	444676
858117	1079106
107767	130570
625881	782996
43210	49029
942809	1186951
55491	64862
1008326	1269932
283217	351558
560152	699893
35999	39944
494502	616970
346475	430458
464858	580446
641610	802465
347503	431720
51038	59688
459424	572888
794396	998045
174210	214992
175394	217011
756923	950512
705760	884535
230042	286143
571764	714591
717973	899885
369149	458796
94116	113960
901814	1133942
930723	1170619
643168	804825
752658	944208
772783	971051
203881	253831
48637	56649
712167	892640
562060	702128
255243	317620
341664	424674
765916	962296
260262	323703
593683	741113
879736	1106186
855587	1076159
271317	337326
498565	621569
315683	392449
721041	903739
997131	1255451
314112	390944
345954	429864
239993	298658
132647	162899
985605	1240509
853935	1073856
878500	1104669
144900	178778
383141	476502
908227	1141923
95114	115376
96347	116845
269090	334916
444735	554544
879263	1105805
693578	869813
777081	976308
650749	814550
197557	245398
661089	827903
60054	70795
492341	614811
909555	1143478
632548	790943
783025	983636
353229	438449
825303	1036614
646924	809676
910646	1144820
850086	1069081
878065	1104236
865882	1089231
723830	907084
665916	834109
385945	480203
654664	819802
385288	479275
336931	419232
762227	957779
298362	371106
647064	809845
703597	882010
647229	810077
46938	53904
329387	409324
198967	247288
368617	458009
998995	1257588
305864	380368
411529	511750
318226	395765
563403	703950
475017	593362
286028	355407
66607	79219
702094	880025
863813	1086406
892671	1121992
153262	188603
289035	359479
592612	739362
844720	1062307
859324	1080801
22639	24113
139918	172212
253791	315738
923485	1161253
113678	138314
342930	426349
332773	413916
896340	1126972
675714	847002
703705	882097
278220	345673
302636	376350
397809	494788
97709	118774
270179	336238
612044	765068
845528	1063395
391854	487716
117944	143770
857062	1077972
299008	372075
335127	417023
467928	584401
482411	602238
877315	1103305
982107	1236059
725716	909795
542182	677247
855041	1075315
40499	45614
688152	863291
735665	923158
806771	1013413
486639	607553
464673	580247
805572	1012250
565117	705900
659663	825871
401669	499297
76414	91922
28820	31600
244209	304211
373964	464567
734308	921366
779705	979282
453532	565150
779146	978711
639976	800223
310378	385967
78010	93771
458387	571535
668513	838214
414744	515926
421318	524235
464988	580686
595471	743559
677073	848233
340515	423431
436154	543071
762013	957456
642275	803597
97954	119064
645915	808580
370822	460626
1011161	1273466
566025	707219
418412	520423
138882	170966
652673	817036
358169	444787
194911	242552
250471	311722
94397	114496
599901	749263
676918	848166
229506	285454
693818	870129
62020	73364
407332	506391
97358	118155
852345	1071916
249001	309881
641896	802960
446568	556433
450633	561444
489193	610420
355634	441215
561653	701613
95212	115519
910674	1144882
395781	492597
82287	98990
711913	892241
1012465	1275144
1004655	1264975
483160	603233
863870	1086540
701861	879792
286294	355772
487330	608341
958243	1205988
736876	924433
888051	1116496
432475	538151
159686	196850
367996	457325
752990	944652
840648	1057079
633725	792218
470522	587873
587472	732991
986857	1242333
669198	838751
698635	875589
917137	1153481
488105	609076
540525	675038
907062	1140405
117699	143238
753691	945875
798234	1002631
477329	596321
815235	1023902
344971	428634
862282	1084592
495088	617496
685228	859236
81073	97692
812179	1019969
336164	418482
647559	810637
959518	1207869
714350	895831
871199	1095585
302405	376083
256428	319198
332744	413828
643827	805807
166819	206277
206197	256772
613009	766042
593377	740698
340151	423044
914715	1150277
20375	20928
960280	1208558
312258	388454
316127	393084
918000	1154236
264945	329527
767001	963970
811809	1019595
419375	521308
533693	665775
644532	807055
383915	477377
627114	784215
558466	697781
769626	967695
488967	610198
907612	1141185
280420	348100
769228	967044
150555	185276
301666	375088
892488	1121799
946086	1191313
741746	930833
608245	760278
811037	1018537
970893	1221962
662194	829401
644836	807342
714972	896787
603276	753687
931291	1171302
623967	780246
602425	752515
467004	583145
188630	234307
42177	47488
310960	386654
220107	274517
984816	1239523
419690	521629
417638	519579
476400	594987
270516	336408
946506	1191702
345293	429128
349439	433918
920046	1157177
260647	324268
713308	894290
908926	1142695
279179	346892
976462	1228691
461665	576300
708072	887563
771372	969663
294368	366193
148302	182760
784794	986028
495181	617787
510000	636265
408188	507568
476659	595447
309273	384605
366315	455190
635101	793962
174584	215690
657631	823432
346302	430295
675501	846871
453181	564702
352109	437035
75516	90842
670937	841442
105934	128292
641107	801756
595255	743130
544922	680500
737625	925514
764903	960855
846638	1064859
356314	441886
785526	986837
208748	260108
560540	700282
364089	452210
1018716	1283916
321408	399744
317025	394265
646525	809194
26837	29291
825493	1036834
401934	499614
843595	1060915
180325	223452
995403	1253441
846205	1064349
501928	626047
177331	219260
497615	620585
292130	363623
131283	160889
415896	517203
224229	279329
503547	627712
525226	655484
629963	787764
760079	954941
430830	536197
577296	721116
168960	208963
438776	546605
422934	526289
550521	687600
580677	724816
424928	528571
368013	457416
539966	674445
361074	448345
31619	34705
336497	418684
357333	443547
352026	436832
590452	736647
839528	1055430
461673	576457
90855	110461
745546	935328
107834	130808
711946	892343
317992	395447
278576	346239
955487	1202601
836796	1051936
211384	263908
170556	210694
206045	256603
372651	462862
721789	904482
303177	376623
947044	1192369
709957	889969
659423	825541
637679	797244
78526	94640
863620	1086195
532266	664038
950439	1196373
349772	434166
311658	387519
381446	474054
358366	444935
742084	931216
974546	1226734
218862	272992
662110	829287
356695	442430
775335	973919
783506	984448
135706	166733
521665	650505
679471	851259
761552	956776
366426	455264
303434	376977
535701	668549
849695	1068692
145662	179745
472654	590457
324547	403705
378178	469672
172953	213439
589766	735797
122151	148776
1013282	1276426
865892	1089319
396948	493730
714493	896034
356319	442009
226686	282222
113396	137916
590507	736716
997000	1255388
693858	870239
648168	811261
955767	1202979
828459	1040720
369334	459001
516517	644183
311905	387860
233942	291031
645078	807571
915100	1150766
212576	265082
223095	278175
205147	255702
887854	1116222
527927	658665
458914	572251
365643	454318
144830	178630
313905	390524
413577	514516
427597	532302
854448	1074588
566049	707274
74860	89905
533565	665454
40395	45416
640970	801496
502615	626736
899457	1131010
268835	334531
994886	1252785
537016	670067
488688	609823
446270	556165
558337	697613
400078	497414
end data 
