##
##EDUK source data file build with formula: chung; seed: 12345; wmin: 10000; wmax: 60000; pmin: 1; pmax: 500001; c: 591952; n: 5000; interest: 1; step: 5

n: 5000

c: 591952                              

begin data 
14084	14089
13626	13631
13500	13505
14845	14850
10728	10733
10806	10811
14457	14462
10405	10410
11148	11153
14852	14857
11784	11789
11208	11213
11674	11679
11433	11438
11612	11617
13152	13157
11260	11265
13471	13476
14440	14445
10327	10332
10534	10539
14557	14562
10841	10846
12190	12195
10438	10443
10138	10143
12053	12058
14249	14254
11509	11514
10142	10147
10974	10979
12757	12762
14780	14785
14985	14990
14347	14352
10428	10433
10326	10331
11819	11824
11741	11746
11675	11680
14330	14335
13876	13881
12294	12299
10218	10223
14702	14707
10490	10495
13997	14002
12609	12614
11910	11915
11895	11900
11355	11360
13935	13940
12275	12280
10665	10670
14462	14467
10115	10120
13538	13543
10840	10845
10687	10692
10978	10983
14912	14917
13468	13473
13163	13168
11047	11052
14824	14829
14981	14986
12707	12712
13563	13568
10703	10708
13120	13125
12586	12591
10799	10804
10101	10106
12230	12235
14860	14865
12980	12985
12434	12439
11285	11290
12628	12633
10322	10327
12508	12513
14155	14160
10160	10165
13485	13490
11094	11099
11142	11147
10432	10437
10906	10911
12062	12067
11580	11585
13067	13072
14764	14769
10050	10055
10037	10042
11108	11113
10440	10445
11308	11313
10930	10935
14011	14016
14877	14882
10150	10155
12714	12719
13168	13173
10049	10054
11119	11124
10742	10747
12907	12912
14963	14968
14009	14014
10257	10262
10381	10386
12440	12445
11237	11242
13480	13485
13375	13380
11015	11020
12426	12431
11518	11523
11695	11700
12259	12264
14598	14603
13449	13454
10655	10660
10777	10782
12033	12038
13149	13154
13096	13101
14431	14436
12568	12573
11425	11430
11396	11401
14386	14391
13531	13536
10229	10234
13052	13057
12165	12170
12402	12407
10567	10572
11739	11744
11110	11115
13745	13750
10424	10429
14801	14806
11463	11468
11831	11836
10963	10968
13962	13967
13393	13398
14597	14602
10489	10494
12940	12945
13770	13775
12760	12765
11258	11263
12166	12171
11166	11171
11767	11772
10695	10700
11839	11844
14020	14025
12232	12237
11467	11472
12003	12008
12903	12908
10495	10500
13399	13404
14954	14959
14712	14717
12810	12815
13176	13181
12777	12782
11969	11974
14270	14275
11127	11132
13902	13907
13337	13342
13905	13910
10651	10656
10363	10368
12920	12925
14711	14716
11320	11325
12144	12149
11473	11478
10640	10645
10521	10526
13556	13561
10387	10392
13249	13254
14887	14892
10267	10272
10738	10743
11596	11601
10351	10356
14693	14698
13859	13864
12215	12220
11722	11727
13615	13620
11291	11296
11920	11925
14498	14503
13776	13781
13683	13688
10653	10658
11848	11853
12025	12030
12118	12123
13898	13903
14629	14634
13134	13139
11389	11394
11390	11395
12686	12691
13383	13388
12614	12619
10652	10657
11521	11526
14881	14886
11399	11404
11501	11506
13550	13555
12966	12971
14809	14814
12200	12205
11327	11332
12218	12223
13698	13703
13257	13262
12783	12788
12818	12823
12233	12238
12791	12796
13649	13654
12008	12013
12236	12241
11488	11493
13144	13149
14633	14638
11990	11995
12702	12707
10739	10744
13621	13626
12763	12768
11125	11130
13049	13054
12467	12472
11184	11189
11434	11439
14719	14724
11536	11541
11804	11809
12768	12773
11897	11902
13965	13970
10473	10478
10528	10533
14015	14020
10698	10703
12579	12584
10139	10144
12840	12845
12856	12861
13369	13374
10261	10266
11787	11792
14717	14722
12348	12353
12321	12326
13019	13024
14515	14520
13731	13736
10749	10754
12463	12468
13013	13018
12264	12269
11856	11861
11290	11295
13871	13876
11736	11741
12442	12447
12112	12117
13673	13678
11617	11622
13407	13412
13518	13523
10561	10566
12030	12035
10875	10880
10103	10108
10702	10707
12207	12212
14488	14493
13496	13501
10164	10169
13927	13932
11755	11760
13262	13267
11347	11352
11842	11847
11358	11363
10238	10243
11714	11719
14072	14077
11538	11543
14069	14074
13129	13134
11843	11848
12831	12836
10646	10651
12154	12159
12922	12927
11102	11107
11994	11999
11437	11442
12074	12079
13402	13407
13085	13090
10663	10668
11581	11586
10678	10683
13688	13693
12974	12979
12114	12119
12946	12951
13284	13289
12449	12454
12278	12283
14947	14952
13109	13114
10349	10354
13214	13219
13843	13848
13844	13849
10389	10394
11201	11206
14647	14652
12320	12325
11242	11247
10851	10856
10942	10947
12012	12017
13987	13992
12094	12099
10429	10434
11577	11582
12151	12156
11476	11481
12646	12651
12551	12556
14029	14034
10196	10201
11709	11714
10373	10378
13484	13489
12900	12905
12758	12763
11982	11987
10014	10019
13738	13743
12092	12097
10581	10586
11684	11689
13157	13162
11641	11646
10052	10057
13750	13755
13939	13944
11824	11829
12663	12668
10820	10825
10264	10269
13651	13656
14169	14174
14833	14838
14366	14371
13561	13566
14150	14155
10888	10893
14120	14125
13253	13258
14397	14402
12377	12382
14716	14721
10350	10355
14324	14329
12399	12404
13058	13063
10412	10417
13724	13729
11044	11049
14902	14907
11729	11734
14373	14378
11103	11108
12862	12867
10642	10647
14787	14792
12870	12875
14965	14970
11311	11316
12865	12870
14042	14047
10989	10994
10294	10299
14774	14779
14993	14998
10966	10971
12710	12715
13557	13562
13424	13429
13392	13397
12797	12802
11478	11483
12803	12808
10276	10281
12822	12827
14238	14243
13539	13544
12778	12783
14951	14956
11360	11365
13841	13846
11216	11221
11041	11046
14611	14616
11786	11791
11346	11351
11583	11588
12507	12512
11640	11645
14814	14819
11993	11998
11388	11393
10529	10534
14604	14609
10402	10407
10601	10606
13874	13879
13559	13564
12242	12247
11687	11692
11230	11235
11068	11073
13186	13191
10531	10536
12284	12289
14561	14566
12334	12339
13799	13804
11765	11770
10721	10726
10320	10325
10910	10915
14350	14355
12128	12133
12216	12221
12727	12732
13541	13546
11413	11418
11533	11538
13632	13637
11185	11190
10071	10076
14051	14056
12388	12393
12852	12857
14448	14453
10374	10379
11677	11682
11506	11511
11243	11248
12631	12636
11560	11565
13842	13847
10274	10279
10986	10991
14095	14100
12923	12928
10593	10598
10940	10945
11997	12002
11253	11258
13441	13446
13202	13207
12925	12930
12979	12984
14031	14036
11513	11518
13810	13815
12542	12547
10048	10053
11088	11093
12567	12572
12513	12518
11402	11407
12762	12767
11835	11840
10465	10470
12120	12125
12632	12637
10269	10274
11140	11145
12479	12484
12521	12526
11040	11045
10836	10841
12705	12710
14182	14187
12046	12051
13477	13482
13472	13477
10763	10768
12465	12470
10597	10602
14590	14595
10908	10913
13946	13951
12931	12936
12370	12375
12816	12821
14057	14062
13824	13829
10486	10491
12767	12772
11629	11634
11808	11813
12501	12506
10341	10346
12992	12997
10650	10655
10944	10949
13884	13889
11024	11029
13131	13136
14211	14216
11625	11630
11352	11357
12045	12050
14024	14029
14653	14658
12773	12778
12061	12066
10566	10571
10808	10813
11307	11312
13640	13645
11992	11997
12179	12184
10296	10301
11072	11077
14575	14580
10314	10319
13800	13805
13577	13582
10684	10689
11602	11607
12738	12743
13127	13132
12487	12492
14660	14665
10571	10576
14053	14058
11263	11268
14539	14544
14687	14692
12270	12275
13053	13058
11968	11973
10779	10784
10224	10229
12471	12476
13686	13691
12936	12941
11618	11623
13853	13858
10180	10185
14770	14775
14758	14763
10057	10062
14688	14693
10753	10758
11542	11547
11465	11470
12015	12020
11397	11402
11266	11271
12304	12309
11790	11795
11570	11575
14869	14874
11093	11098
10766	10771
14820	14825
11546	11551
11027	11032
14686	14691
12823	12828
14722	14727
12700	12705
12313	12318
11493	11498
13213	13218
11092	11097
10128	10133
13179	13184
10912	10917
12880	12885
14959	14964
10914	10919
10285	10290
11573	11578
13272	13277
11763	11768
12104	12109
10787	10792
14646	14651
13699	13704
10070	10075
13609	13614
11386	11391
10210	10215
12350	12355
14157	14162
10845	10850
10339	10344
13178	13183
11294	11299
13309	13314
12684	12689
14998	15003
10847	10852
11794	11799
11155	11160
14312	14317
14411	14416
11788	11793
12287	12292
13894	13899
11802	11807
11568	11573
12035	12040
14164	14169
12356	12361
11623	11628
10457	10462
13659	13664
10761	10766
11100	11105
11145	11150
13889	13894
12905	12910
11619	11624
13852	13857
13670	13675
12924	12929
10562	10567
12076	12081
11663	11668
13226	13231
11409	11414
10855	10860
10442	10447
11412	11417
12038	12043
13951	13956
12271	12276
12813	12818
14564	14569
10175	10180
10208	10213
11079	11084
12949	12954
14983	14988
10965	10970
10639	10644
13333	13338
13076	13081
11960	11965
13326	13331
13532	13537
12522	12527
12014	12019
13515	13520
11971	11976
12450	12455
11702	11707
12027	12032
12563	12568
13943	13948
10399	10404
13725	13730
12175	12180
11387	11392
11342	11347
12095	12100
12869	12874
11120	11125
10565	10570
14470	14475
13766	13771
11947	11952
13357	13362
12296	12301
11680	11685
10078	10083
13728	13733
13832	13837
10004	10009
14174	14179
10659	10664
13897	13902
10560	10565
11123	11128
11697	11702
11191	11196
14927	14932
12283	12288
12279	12284
14593	14598
14215	14220
10215	10220
14720	14725
10576	10581
14518	14523
10020	10025
13752	13757
12745	12750
11326	11331
14289	14294
13933	13938
12581	12586
11681	11686
12197	12202
11766	11771
13041	13046
12301	12306
12309	12314
10313	10318
10744	10749
13495	13500
12913	12918
14037	14042
10916	10921
10827	10832
12212	12217
10957	10962
11881	11886
10983	10988
10117	10122
10144	10149
12423	12428
13572	13577
12089	12094
10407	10412
14050	14055
13526	13531
14226	14231
11936	11941
11443	11448
14675	14680
10780	10785
13887	13892
11282	11287
10135	10140
11359	11364
13831	13836
14513	14518
12627	12632
12020	12025
14299	14304
11658	11663
14173	14178
13583	13588
12443	12448
11143	11148
13154	13159
13877	13882
14810	14815
10802	10807
12664	12669
11054	11059
12064	12069
10954	10959
13891	13896
12633	12638
13469	13474
13033	13038
11853	11858
12687	12692
11989	11994
12674	12679
12134	12139
12610	12615
14000	14005
12524	12529
12485	12490
10231	10236
14941	14946
11624	11629
12580	12585
14739	14744
10512	10517
10745	10750
10410	10415
12057	12062
11752	11757
14898	14903
13553	13558
10575	10580
11510	11515
11174	11179
12281	12286
11075	11080
11575	11580
10692	10697
14552	14557
13720	13725
13578	13583
10835	10840
12988	12993
12560	12565
12195	12200
11256	11261
13509	13514
11517	11522
14192	14197
13508	13513
13028	13033
14930	14935
12059	12064
13922	13927
12841	12846
10701	10706
13919	13924
11816	11821
12070	12075
11961	11966
12478	12483
13807	13812
13714	13719
10804	10809
13910	13915
11827	11832
11530	11535
11507	11512
13164	13169
12058	12063
13862	13867
11009	11014
11539	11544
11392	11397
10154	10159
12135	12140
11556	11561
13504	13509
14228	14233
10589	10594
11178	11183
10548	10553
11820	11825
14934	14939
11309	11314
11974	11979
10842	10847
14776	14781
11996	12001
10834	10839
14130	14135
14098	14103
10765	10770
10181	10186
10510	10515
12771	12776
11328	11333
13101	13106
11124	11129
11176	11181
14957	14962
12566	12571
13516	13521
10730	10735
11849	11854
14854	14859
12055	12060
10239	10244
14569	14574
11132	11137
13467	13472
14208	14213
12148	12153
12330	12335
14617	14622
12942	12947
12063	12068
14371	14376
14692	14697
13450	13455
12303	12308
12867	12872
12525	12530
13093	13098
12863	12868
10396	10401
13142	13147
10577	10582
13801	13806
13287	13292
11937	11942
13923	13928
13719	13724
10588	10593
11801	11806
12170	12175
14973	14978
10041	10046
14916	14921
11543	11548
14309	14314
14666	14671
10713	10718
10984	10989
14455	14460
11933	11938
11173	11178
12445	12450
13582	13587
13151	13156
11811	11816
12629	12634
14336	14341
13778	13783
13114	13119
10849	10854
11732	11737
14822	14827
13679	13684
11038	11043
13380	13385
12153	12158
10413	10418
11611	11616
11985	11990
14081	14086
12468	12473
13975	13980
11289	11294
10409	10414
13352	13357
11377	11382
12272	12277
12704	12709
11943	11948
13918	13923
10064	10069
13543	13548
10343	10348
13542	13547
12800	12805
14630	14635
10727	10732
13822	13827
10587	10592
10511	10516
13856	13861
14642	14647
11190	11195
10199	10204
14800	14805
10478	10483
13034	13039
10305	10310
14584	14589
11944	11949
13574	13579
12556	12561
11696	11701
13991	13996
12396	12401
12649	12654
11894	11899
13981	13986
12073	12078
10177	10182
14624	14629
11156	11161
14623	14628
13185	13190
11406	11411
11297	11302
11246	11251
13138	13143
11479	11484
11534	11539
12018	12023
13316	13321
14461	14466
10073	10078
11649	11654
10060	10065
13388	13393
13280	13285
11043	11048
13425	13430
12682	12687
12430	12435
12000	12005
13068	13073
10306	10311
11250	11255
12612	12617
14073	14078
12111	12116
11797	11802
11888	11893
12409	12414
14176	14181
14094	14099
13961	13966
10223	10228
11247	11252
12703	12708
13633	13638
13741	13746
11113	11118
13137	13142
11491	11496
10537	10542
13080	13085
14841	14846
14078	14083
14625	14630
14322	14327
14948	14953
14209	14214
14748	14753
11228	11233
11381	11386
10735	10740
13653	13658
12206	12211
11456	11461
11829	11834
12722	12727
10621	10626
10584	10589
13194	13199
14002	14007
13689	13694
12176	12181
11037	11042
12793	12798
14332	14337
12145	12150
11938	11943
12044	12049
13573	13578
13219	13224
11265	11270
13934	13939
11136	11141
10153	10158
12208	12213
10113	10118
14381	14386
11169	11174
13296	13301
11913	11918
13304	13309
10859	10864
11866	11871
14331	14336
11958	11963
11221	11226
13361	13366
10874	10879
10124	10129
13159	13164
11657	11662
10747	10752
13614	13619
11319	11324
10527	10532
10686	10691
14099	14104
10843	10848
10734	10739
10616	10621
14389	14394
10099	10104
10494	10499
12349	12354
11186	11191
13097	13102
11988	11993
11950	11955
11474	11479
10035	10040
12912	12917
14976	14981
11495	11500
11039	11044
11487	11492
13281	13286
12553	12558
13205	13210
10860	10865
10797	10802
11418	11423
11860	11865
10265	10270
12164	12169
12647	12652
11499	11504
14233	14238
14361	14366
10524	10529
12441	12446
14388	14393
13241	13246
13880	13885
13674	13679
10173	10178
11826	11831
11429	11434
14918	14923
13620	13625
13384	13389
14888	14893
14436	14441
10711	10716
10809	10814
10156	10161
10591	10596
13947	13952
14760	14765
10242	10247
12258	12263
12843	12848
10190	10195
11861	11866
11871	11876
11883	11888
13288	13293
10673	10678
12983	12988
14172	14177
14817	14822
12032	12037
11026	11031
11314	11319
10624	10629
14153	14158
14464	14469
11461	11466
12536	12541
14197	14202
12137	12142
10452	10457
11192	11197
12955	12960
11846	11851
10279	10284
11312	11317
14070	14075
12656	12661
11951	11956
11863	11868
11115	11120
14377	14382
11225	11230
10933	10938
13040	13045
12744	12749
14269	14274
12297	12302
12688	12693
12381	12386
12948	12953
10435	10440
10358	10363
11706	11711
11898	11903
13945	13950
12066	12071
11364	11369
10482	10487
12540	12545
12324	12329
12354	12359
11090	11095
13382	13387
13413	13418
10846	10851
10934	10939
14162	14167
14141	14146
11889	11894
12056	12061
12583	12588
14883	14888
11552	11557
11874	11879
12202	12207
11503	11508
12318	12323
10975	10980
11632	11637
13298	13303
12433	12438
11272	11277
10450	10455
14972	14977
14892	14897
13301	13306
12414	12419
11779	11784
10905	10910
11686	11691
14062	14067
14745	14750
10165	10170
13426	13431
12914	12919
12382	12387
10638	10643
12665	12670
10383	10388
14086	14091
12385	12390
12136	12141
11578	11583
13111	13116
12733	12738
14484	14489
12184	12189
13739	13744
10504	10509
12412	12417
13050	13055
10171	10176
12358	12363
12866	12871
14135	14140
12706	12711
12436	12441
14468	14473
10366	10371
13794	13799
13082	13087
10803	10808
12847	12852
11287	11292
13948	13953
14992	14997
11598	11603
11104	11109
14782	14787
11457	11462
12571	12576
14917	14922
13606	13611
12157	12162
10390	10395
13360	13365
13590	13595
10404	10409
10024	10029
13623	13628
13592	13597
11500	11505
10660	10665
13950	13955
14232	14237
13940	13945
11956	11961
10147	10152
14422	14427
13932	13937
12938	12943
14472	14477
13444	13449
14838	14843
10213	10218
14652	14657
14202	14207
13827	13832
12115	12120
14734	14739
11335	11340
11273	11278
12273	12278
14777	14782
13066	13071
13374	13379
13483	13488
13396	13401
11177	11182
10518	10523
13726	13731
12853	12858
12075	12080
12910	12915
13173	13178
11688	11693
12250	12255
10395	10400
10498	10503
13086	13091
13820	13825
10887	10892
12406	12411
14143	14148
13320	13325
11349	11354
10677	10682
12393	12398
12787	12792
10883	10888
10622	10627
10114	10119
12346	12351
11917	11922
13685	13690
13007	13012
14574	14579
14008	14013
11810	11815
14482	14487
10170	10175
14705	14710
12355	12360
12129	12134
14684	14689
11537	11542
14384	14389
12976	12981
10006	10011
11141	11146
11091	11096
11865	11870
12569	12574
12124	12129
10088	10093
10690	10695
10151	10156
11438	11443
12859	12864
12506	12511
14127	14132
12820	12825
11188	11193
11922	11927
11781	11786
11414	11419
11998	12003
13723	13728
14188	14193
11354	11359
12249	12254
10733	10738
11967	11972
14480	14485
11836	11841
11541	11546
14338	14343
12366	12371
13705	13710
12198	12203
14528	14533
10460	10465
12256	12261
13596	13601
10433	10438
14938	14943
11325	11330
12039	12044
11515	11520
14715	14720
10449	10454
14863	14868
11885	11890
11742	11747
11852	11857
10193	10198
10949	10954
13470	13475
12484	12489
11980	11985
14550	14555
12534	12539
12087	12092
11642	11647
14423	14428
11432	11437
13761	13766
13803	13808
12389	12394
10102	10107
12729	12734
12205	12210
14074	14079
13765	13770
12585	12590
13064	13069
14273	14278
10994	10999
10564	10569
12429	12434
13527	13532
11647	11652
11776	11781
12007	12012
14769	14774
12369	12374
10131	10136
11226	11231
14605	14610
13274	13279
14510	14515
11646	11651
13275	13280
12140	12145
13265	13270
13896	13901
10672	10677
12247	12252
13696	13701
14678	14683
10541	10546
13323	13328
13032	13037
10732	10737
14229	14234
10679	10684
10220	10225
11441	11446
11643	11648
11751	11756
14682	14687
13239	13244
13126	13131
11773	11778
12694	12699
13851	13856
11252	11257
13431	13436
13986	13991
13754	13759
12286	12291
11223	11228
10579	10584
14405	14410
13311	13316
12096	12101
14988	14993
11152	11157
11331	11336
12671	12676
13762	13767
14542	14547
10291	10296
11278	11283
14690	14695
14306	14311
10475	10480
12314	12319
12564	12569
14207	14212
10540	10545
10497	10502
11244	11249
14261	14266
14353	14358
10783	10788
11665	11670
11691	11696
14607	14612
12004	12009
14181	14186
14237	14242
12378	12383
11678	11683
10619	10624
13140	13145
13331	13336
13682	13687
14665	14670
11700	11705
12400	12405
14509	14514
11817	11822
13454	13459
12782	12787
10709	10714
12874	12879
10932	10937
11365	11370
12944	12949
10893	10898
11403	11408
12965	12970
10563	10568
13273	13278
12554	12559
10416	10421
14651	14656
11490	11495
13321	13326
14260	14265
11383	11388
12599	12604
12578	12583
13428	13433
10356	10361
10583	10588
10227	10232
14221	14226
13936	13941
13417	13422
14672	14677
13364	13369
12141	12146
10691	10696
10140	10145
12548	12553
10625	10630
13217	13222
10515	10520
11902	11907
12894	12899
12620	12625
11261	11266
11720	11725
10003	10008
11557	11562
10130	10135
11584	11589
14417	14422
10430	10435
12126	12131
10762	10767
13212	13217
12161	12166
14038	14043
11303	11308
10243	10248
14648	14653
10081	10086
12403	12408
14419	14424
12724	12729
12873	12878
11165	11170
12746	12751
13677	13682
13952	13957
10554	10559
13545	13550
12142	12147
14367	14372
14920	14925
14071	14076
13672	13677
12387	12392
14379	14384
14933	14938
12373	12378
13912	13917
13102	13107
14982	14987
11822	11827
13830	13835
14138	14143
11740	11745
13703	13708
11407	11412
11344	11349
10018	10023
12237	12242
13182	13187
13668	13673
11129	11134
10200	10205
12595	12600
11805	11810
10970	10975
12902	12907
13259	13264
11189	11194
10125	10130
14375	14380
13893	13898
10913	10918
14772	14777
10185	10190
11725	11730
10865	10870
11279	11284
12837	12842
12617	12622
13759	13764
11206	11211
11764	11769
11593	11598
14152	14157
13796	13801
10388	10393
11480	11485
11209	11214
10788	10793
10300	10305
11368	11373
14830	14835
13665	13670
14006	14011
14399	14404
11672	11677
10598	10603
12878	12883
13406	13411
12219	12224
14506	14511
11179	11184
14243	14248
14374	14379
12335	12340
12298	12303
14393	14398
14508	14513
14704	14709
11341	11346
13404	13409
12336	12341
13012	13017
14106	14111
12875	12880
12833	12838
13107	13112
10159	10164
10340	10345
10967	10972
13773	13778
14184	14189
13743	13748
13061	13066
13286	13291
14049	14054
10891	10896
12960	12965
10074	10079
11485	11490
10247	10252
13087	13092
11777	11782
11926	11931
14285	14290
12552	12557
11229	11234
12398	12403
13416	13421
14297	14302
13781	13786
13676	13681
10194	10199
11419	11424
12223	12228
11878	11883
12815	12820
10146	10151
12084	12089
11713	11718
11267	11272
12143	12148
11652	11657
12131	12136
11723	11728
13411	13416
11454	11459
13631	13636
13206	13211
10603	10608
14507	14512
11164	11169
14245	14250
10594	10599
12496	12501
12158	12163
14594	14599
14486	14491
12408	12413
14283	14288
10182	10187
13371	13376
13021	13026
11791	11796
11316	11321
11283	11288
14387	14392
13330	13335
12034	12039
10789	10794
14958	14963
13967	13972
10654	10659
13748	13753
14661	14666
14783	14788
14713	14718
11369	11374
11891	11896
10590	10595
14977	14982
12149	12154
13869	13874
11205	11210
11932	11937
12189	12194
11025	11030
14288	14293
10898	10903
13890	13895
13059	13064
14945	14950
11157	11162
10645	10650
10956	10961
11163	11168
11807	11812
10922	10927
14142	14147
11213	11218
11620	11625
11384	11389
14151	14156
14762	14767
14645	14650
13166	13171
10302	10307
10674	10679
11144	11149
12462	12467
12415	12420
13027	13032
13695	13700
12527	12532
10186	10191
13043	13048
13010	13015
11160	11165
12098	12103
11668	11673
11366	11371
10547	10552
11219	11224
12109	12114
14475	14480
13236	13241
11954	11959
12637	12642
11435	11440
11953	11958
11033	11038
12086	12091
10232	10237
12010	12015
12419	12424
11962	11967
14565	14570
13638	13643
13684	13689
11576	11581
10796	10801
11858	11863
13857	13862
12174	12179
13222	13227
12472	12477
13009	13014
11401	11406
13290	13295
12026	12031
12196	12201
12203	12208
13006	13011
10348	10353
13569	13574
13602	13607
12538	12543
10311	10316
11410	11415
10539	10544
13270	13275
12343	12348
10985	10990
11016	11021
10658	10663
11715	11720
10668	10673
11566	11571
10873	10878
10936	10941
11084	11089
11955	11960
12110	12115
13419	13424
10065	10070
10237	10242
11003	11008
11626	11631
14708	14713
13300	13305
12709	12714
12838	12843
14828	14833
14146	14151
12333	12338
10379	10384
11532	11537
11393	11398
12214	12219
11274	11279
12159	12164
14395	14400
10372	10377
14546	14551
11873	11878
14185	14190
13697	13702
14131	14136
11522	11527
13872	13877
12630	12635
14116	14121
12201	12206
14076	14081
11382	11387
14014	14019
11594	11599
11567	11572
10725	10730
12411	12416
14532	14537
10902	10907
12625	12630
10558	10563
11004	11009
12741	12746
10316	10321
10303	10308
10216	10221
10127	10132
11029	11034
13465	13470
11519	11524
10998	11003
13325	13330
10040	10045
13718	13723
12887	12892
10066	10071
10661	10666
11896	11901
11014	11019
11850	11855
10054	10059
13478	13483
10254	10259
12100	12105
11750	11755
10288	10293
13220	13225
10592	10597
12171	12176
12001	12006
11340	11345
11111	11116
13029	13034
10858	10863
12054	12059
12608	12613
13886	13891
10328	10333
11240	11245
14668	14673
11669	11674
13170	13175
12125	12130
11299	11304
14908	14913
11149	11154
11300	11305
12211	12216
14310	14315
13792	13797
13267	13272
14370	14375
13294	13299
11601	11606
12133	12138
13039	13044
10357	10362
11991	11996
13645	13650
11139	11144
10731	10736
11019	11024
11336	11341
12977	12982
11345	11350
11101	11106
13119	13124
13191	13196
14795	14800
12019	12024
12871	12876
14709	14714
13395	13400
11635	11640
10631	10636
14337	14342
13073	13078
13051	13056
14858	14863
11466	11471
13861	13866
13834	13839
11050	11055
12532	12537
11946	11951
14023	14028
12981	12986
13231	13236
10157	10162
11886	11891
13969	13974
13908	13913
12119	12124
12616	12621
11481	11486
14955	14960
12432	12437
11042	11047
11979	11984
11293	11298
10290	10295
14895	14900
13415	13420
12295	12300
10499	10504
13256	13261
12885	12890
11332	11337
11082	11087
14937	14942
10367	10372
13565	13570
14851	14856
14308	14313
10920	10925
11778	11783
14641	14646
11224	11229
12244	12249
11118	11123
12311	12316
11147	11152
14886	14891
14244	14249
12291	12296
14521	14526
12515	12520
12516	12521
14609	14614
12765	12770
14060	14065
14168	14173
10100	10105
12185	12190
12191	12196
12427	12432
14113	14118
11012	11017
12319	12324
10907	10912
10962	10967
12234	12239
12308	12313
10476	10481
10680	10685
14928	14933
11379	11384
14314	14319
13786	13791
13201	13206
13379	13384
13282	13287
12123	12128
11535	11540
11754	11759
12435	12440
14355	14360
14016	14021
12213	12218
10342	10347
12638	12643
12648	12653
11529	11534
14171	14176
14363	14368
11069	11074
11062	11067
14372	14377
11423	11428
13401	13406
10824	10829
13805	13810
12384	12389
10771	10776
10097	10102
11337	11342
13658	13663
14978	14983
13306	13311
10869	10874
10612	10617
14047	14052
14844	14849
10191	10196
11870	11875
14434	14439
10249	10254
10034	10039
13452	13457
10297	10302
14348	14353
14779	14784
12422	12427
13730	13735
13167	13172
14856	14861
12888	12893
11133	11138
10245	10250
14256	14261
13390	13395
14194	14199
10362	10367
14662	14667
12390	12395
14544	14549
12011	12016
10839	10844
12187	12192
11063	11068
11726	11731
13717	13722
13733	13738
11199	11204
13158	13163
10256	10261
10620	10625
12464	12469
14834	14839
11460	11465
10259	10264
10368	10373
12723	12728
11011	11016
10046	10051
12868	12873
12984	12989
14108	14113
10586	10591
14065	14070
13165	13170
12231	12236
13232	13237
13757	13762
13177	13182
12606	12611
14456	14461
11395	11400
14149	14154
12839	12844
10864	10869
11771	11776
14804	14809
14077	14082
12352	12357
14248	14253
14681	14686
14556	14561
11373	11378
10408	10413
10947	10952
12690	12695
14476	14481
12886	12891
11553	11558
11830	11835
13060	13065
10415	10420
13783	13788
13511	13516
13171	13176
14430	14435
12557	12562
13707	13712
14052	14057
13203	13208
12514	12519
14797	14802
14634	14639
12943	12948
11018	11023
12817	12822
10688	10693
11281	11286
12316	12321
14255	14260
10556	10561
14148	14153
13916	13921
12375	12380
11761	11766
14747	14752
11919	11924
14424	14429
14592	14597
10319	10324
11818	11823
11284	11289
14222	14227
10923	10928
11280	11285
10352	10357
13223	13228
11523	11528
14723	14728
12263	12268
13589	13594
10240	10245
11150	11155
13914	13919
10178	10183
14495	14500
14427	14432
10281	10286
12227	12232
12268	12273
13636	13641
14744	14749
10573	10578
11353	11358
10059	10064
13529	13534
13957	13962
12067	12072
10776	10781
13955	13960
11565	11570
10694	10699
10630	10635
13289	13294
12592	12597
10162	10167
10868	10873
14559	14564
12937	12942
13269	13274
13988	13993
14540	14545
10606	10611
14123	14128
10792	10797
13963	13968
10928	10933
11747	11752
13466	13471
12499	12504
10205	10210
10669	10674
12622	12627
11430	11435
14996	15001
13721	13726
13756	13761
12780	12785
11768	11773
12929	12934
12766	12771
10897	10902
13409	13414
12224	12229
14235	14240
10867	10872
13662	13667
14874	14879
13238	13243
10080	10085
14763	14768
14884	14889
13266	13271
10002	10007
13821	13826
11775	11780
11558	11563
10431	10436
14915	14920
10280	10285
14413	14418
11772	11777
14703	14708
11007	11012
10982	10987
10451	10456
12750	12755
12667	12672
12796	12801
11927	11932
13646	13651
10543	10548
10214	10219
13622	13627
14536	14541
11076	11081
11774	11779
10938	10943
10977	10982
12753	12758
12561	12566
12043	12048
12801	12806
13462	13467
13193	13198
13398	13403
14110	14115
12122	12127
14400	14405
14909	14914
12531	12536
10850	10855
12781	12786
10682	10687
14750	14755
12998	13003
13047	13052
10941	10946
10697	10702
13255	13260
14775	14780
11505	11510
12163	12168
12307	12312
14364	14369
14250	14255
10331	10336
14537	14542
12226	12231
13575	13580
14268	14273
12512	12517
13328	13333
10258	10263
14132	14137
13353	13358
11298	11303
11914	11919
14545	14550
10990	10995
12719	12724
12805	12810
11520	11525
11504	11509
10329	10334
13432	13437
13135	13140
13422	13427
11254	11259
13973	13978
13929	13934
10795	10800
10644	10649
11613	11618
12849	12854
14936	14941
10901	10906
12990	12995
12474	12479
10371	10376
12725	12730
12113	12118
13819	13824
12728	12733
14935	14940
12806	12811
12082	12087
11398	11403
12420	12425
14163	14168
14186	14191
12293	12298
14187	14192
10221	10226
12683	12688
12315	12320
10106	10111
13972	13977
10671	10676
14855	14860
14224	14229
14473	14478
12550	12555
12541	12546
12386	12391
12861	12866
10723	10728
13044	13049
10895	10900
10937	10942
13798	13803
10700	10705
11302	11307
13829	13834
10466	10471
13838	13843
10918	10923
13260	13265
13737	13742
11292	11297
14351	14356
13663	13668
14741	14746
13332	13337
14980	14985
10794	10799
13366	13371
14950	14955
11058	11063
11637	11642
12772	12777
13210	13215
12065	12070
13510	13515
11112	11117
10911	10916
11815	11820
12881	12886
11134	11139
11363	11368
11673	11678
10768	10773
14271	14276
12945	12950
10090	10095
14555	14560
12679	12684
12016	12021
14010	14015
10207	10212
14752	14757
13475	13480
11959	11964
12031	12036
11890	11895
13828	13833
11893	11898
14335	14340
11511	11516
14443	14448
10418	10423
10976	10981
14450	14455
12498	12503
13349	13354
13858	13863
12470	12475
13763	13768
11738	11743
14236	14241
10485	10490
10819	10824
10917	10922
13930	13935
13926	13931
13020	13025
10775	10780
14447	14452
12889	12894
13576	13581
14606	14611
10924	10929
14435	14440
10061	10066
13489	13494
13809	13814
14585	14590
11204	11209
10298	10303
12698	12703
11651	11656
10192	10197
12892	12897
13601	13606
12488	12493
13162	13167
12811	12816
12353	12358
10116	10121
12872	12877
11245	11250
12715	12720
11374	11379
10801	10806
12302	12307
14737	14742
13045	13050
13122	13127
11631	11636
14193	14198
13216	13221
12132	12137
10500	10505
12437	12442
11929	11934
13344	13349
11257	11262
13435	13440
11880	11885
13271	13276
11106	11111
12439	12444
13453	13458
13784	13789
13692	13697
11351	11356
14986	14991
14914	14919
11615	11620
13560	13565
11604	11609
10666	10671
10546	10551
14082	14087
11676	11681
12653	12658
12675	12680
13046	13051
12932	12937
11972	11977
11882	11887
13571	13576
10882	10887
12101	12106
13481	13486
10217	10222
12590	12595
13455	13460
13791	13796
14622	14627
10443	10448
11737	11742
13666	13671
13854	13859
14875	14880
10538	10543
13650	13655
12221	12226
10915	10920
13700	13705
13795	13800
10255	10260
11022	11027
12927	12932
10398	10403
14454	14459
13866	13871
10968	10973
10980	10985
11756	11761
12555	12560
12456	12461
11728	11733
12953	12958
10017	10022
11080	11085
12529	12534
12602	12607
13474	13479
10463	10468
14103	14108
14170	14175
14426	14431
11304	11309
14636	14641
13117	13122
11168	11173
13014	13019
10370	10375
14262	14267
10615	10620
13701	13706
14618	14623
12654	12659
13247	13252
13860	13865
13808	13813
12693	12698
14731	14736
13652	13657
13443	13448
10335	10340
12928	12933
10943	10948
12574	12579
12183	12188
11470	11475
14012	14017
11036	11041
12915	12920
10251	10256
14432	14437
12269	12274
14321	14326
11404	11409
11021	11026
10244	10249
13343	13348
10948	10953
13616	13621
12954	12959
11078	11083
10715	10720
11180	11185
10945	10950
12639	12644
14198	14203
10394	10399
14216	14221
13312	13317
11489	11494
12047	12052
13815	13820
14989	14994
10107	10112
14691	14696
11448	11453
11963	11968
10025	10030
12186	12191
13486	13491
10411	10416
13959	13964
13628	13633
13716	13721
10045	10050
14969	14974
10602	10607
13715	13720
14616	14621
10426	10431
12819	12824
13156	13161
14158	14163
11734	11739
11957	11962
12077	12082
12099	12104
10931	10936
10293	10298
13736	13741
12641	12646
11238	11243
13279	13284
10491	10496
13358	13363
11847	11852
10222	10227
12883	12888
11436	11441
14962	14967
11869	11874
10516	10521
13782	13787
13520	13525
11195	11200
11792	11797
13355	13360
14019	14024
13708	13713
13502	13507
11760	11765
14013	14018
12951	12956
14264	14269
14398	14403
10441	10446
11442	11447
14061	14066
12877	12882
11770	11775
11089	11094
12448	12453
10422	10427
10043	10048
10890	10895
12660	12665
12364	12369
10082	10087
12172	12177
10861	10866
10960	10965
14658	14663
13840	13845
14282	14287
10110	10115
14111	14116
13580	13585
12447	12452
14761	14766
11468	11473
14167	14172
11028	11033
12168	12173
12497	12502
13507	13512
11121	11126
12194	12199
13016	13021
12737	12742
10574	10579
14231	14236
13995	14000
14033	14038
11621	11626
12252	12257
10648	10653
12830	12835
14035	14040
13567	13572
13234	13239
11262	11267
10676	10681
11161	11166
10009	10014
13433	13438
12276	12281
13208	13213
10772	10777
10542	10547
14145	14150
10751	10756
10063	10068
12245	12250
12970	12975
14160	14165
12466	12471
12848	12853
14560	14565
13317	13322
10821	10826
11662	11667
14227	14232
13063	13068
10464	10469
13989	13994
14819	14824
13394	13399
11813	11818
10637	10642
13691	13696
11603	11608
14204	14209
14522	14527
14956	14961
11744	11749
10053	10058
13924	13929
12192	12197
13187	13192
13211	13216
12146	12151
11825	11830
13305	13310
13436	13441
12739	12744
13706	13711
10710	10715
13753	13758
13400	13405
11361	11366
13161	13166
14018	14023
10021	10026
14599	14604
13015	13020
11236	11241
13833	13838
10187	10192
10421	10426
12360	12365
11137	11142
14878	14883
11666	11671
11234	11239
10958	10963
10816	10821
13734	13739
14385	14390
11828	11833
14291	14296
11411	11416
13065	13070
11655	11660
12156	12161
10979	10984
10837	10842
13826	13831
13942	13947
13911	13916
10378	10383
12860	12865
12345	12350
12060	12065
11451	11456
11639	11644
10055	10060
12939	12944
14064	14069
14568	14573
10781	10786
10759	10764
12193	12198
11690	11695
13368	13373
12372	12377
12446	12451
11987	11992
13941	13946
12407	12412
10292	10297
10488	10493
13772	13777
10023	10028
11823	11828
13996	14001
13909	13914
14210	14215
12956	12961
12827	12832
13823	13828
14284	14289
10152	10157
10091	10096
13278	13283
14880	14885
13112	13117
12431	12436
14511	14516
12246	12251
14352	14357
10233	10238
11928	11933
13487	13492
14635	14640
10271	10276
14300	14305
11645	11650
10708	10713
14056	14061
10626	10631
12017	12022
11952	11957
14441	14446
14428	14433
14294	14299
12964	12969
14765	14770
12597	12602
13318	13323
12289	12294
13603	13608
13351	13356
10012	10017
13022	13027
10119	10124
12971	12976
14165	14170
13240	13245
13373	13378
11497	11502
10536	10541
10134	10139
11085	11090
12139	12144
10158	10163
12933	12938
14785	14790
11064	11069
14533	14538
11073	11078
10813	10818
13183	13188
14749	14754
14451	14456
12013	12018
10791	10796
13030	13035
11579	11584
14365	14370
13198	13203
13793	13798
13907	13912
14396	14401
12041	12046
13387	13392
12138	12143
12680	12685
13365	13370
13011	13016
13439	13444
14469	14474
10487	10492
13285	13290
14862	14867
12994	12999
10168	10173
11385	11390
11233	11238
14220	14225
10760	10765
12730	12735
14467	14472
12799	12804
12342	12347
13497	13502
14987	14992
14109	14114
10582	10587
10354	10359
14724	14729
13088	13093
11693	11698
14870	14875
13329	13334
14889	14894
12520	12525
14911	14916
14376	14381
13385	13390
12048	12053
10993	10998
14342	14347
14990	14995
11502	11507
12537	12542
14639	14644
14547	14552
13885	13890
14707	14712
11421	11426
10689	10694
11013	11018
14614	14619
10448	10453
11420	11425
14697	14702
14694	14699
10714	10719
13888	13893
13147	13152
14871	14876
12795	12800
11249	11254
14118	14123
10425	10430
10925	10930
10301	10306
14638	14643
12696	12701
14922	14927
13681	13686
12961	12966
14939	14944
10950	10955
12220	12225
12701	12706
13547	13552
14490	14495
13816	13821
14344	14349
10919	10924
11633	11638
14699	14704
14876	14881
14644	14649
13855	13860
13536	13541
13865	13870
14773	14778
10397	10402
13617	13622
10627	10632
14159	14164
14266	14271
10533	10538
14420	14425
10163	10168
10132	10137
12562	12567
12006	12011
13655	13660
10681	10686
10458	10463
13035	13040
14831	14836
13806	13811
14357	14362
12644	12649
14005	14010
14360	14365
13641	13646
13982	13987
14494	14499
12493	12498
13090	13095
14837	14842
11762	11767
12235	12240
14979	14984
13376	13381
14048	14053
11061	11066
11060	11065
10007	10012
11554	11559
10578	10583
13627	13632
10036	10041
13879	13884
10903	10908
11812	11817
13749	13754
13338	13343
14613	14618
14316	14321
14502	14507
10517	10522
10268	10273
14696	14701
12285	12290
14753	14758
14317	14322
14191	14196
11671	11676
12844	12849
10635	10640
11634	11639
11167	11172
14295	14300
14671	14676
10569	10574
13139	13144
13315	13320
10334	10339
10219	10224
14953	14958
10844	10849
10743	10748
11834	11839
13150	13155
12528	12533
11793	11798
13549	13554
12635	12640
13993	13998
10971	10976
10904	10909
11375	11380
14117	14122
11313	11318
14894	14899
13348	13353
14075	14080
14890	14895
11097	11102
11753	11758
10862	10867
10812	10817
13199	13204
13966	13971
13442	13447
13904	13909
11945	11950
10252	10257
14147	14152
14706	14711
12999	13004
14516	14521
13917	13922
14039	14044
11010	11015
14730	14735
10718	10723
12255	12260
10299	10304
14751	14756
14926	14931
11743	11748
12919	12924
10453	10458
12676	12681
11683	11688
12209	12214
13660	13665
13254	13259
11918	11923
14156	14161
13146	13151
11544	11549
10814	10819
14346	14351
13445	13450
10283	10288
12511	12516
10740	10745
14576	14581
14729	14734
13310	13315
12761	12766
11585	11590
14767	14772
14663	14668
13367	13372
10532	10537
12691	12696
14621	14626
10484	10489
10509	10514
12188	12193
10551	10556
14612	14617
10557	10562
12469	12474
10526	10531
10774	10779
11053	11058
14022	14027
14382	14387
11071	11076
12085	12090
13372	13377
12102	12107
13197	13202
13735	13740
11814	11819
13901	13906
13243	13248
13116	13121
14477	14482
11650	11655
10444	10449
12093	12098
11877	11882
13302	13307
10345	10350
13293	13298
12494	12499
10617	10622
14418	14423
14601	14606
10831	10836
12788	12793
13548	13553
12083	12088
10811	10816
10693	10698
11334	11339
13587	13592
13237	13242
13002	13007
14007	14012
11931	11936
10826	10831
12962	12967
14538	14543
12651	12656
13172	13177
12340	12345
11367	11372
11841	11846
10997	11002
14901	14906
10236	10241
14392	14397
14334	14339
13427	13432
13713	13718
13494	13499
10884	10889
13817	13822
12807	12812
14778	14783
14825	14830
10707	10712
10032	10037
11907	11912
10852	10857
11202	11207
13228	13233
13291	13296
10011	10016
13456	13461
12968	12973
11978	11983
12582	12587
12600	12605
11900	11905
11187	11192
13848	13853
12155	12160
13647	13652
14967	14972
13386	13391
12812	12817
10286	10291
11564	11569
13764	13769
12254	12259
14298	14303
10857	10862
14442	14447
12713	12718
14391	14396
14640	14645
13839	13844
13476	13481
14600	14605
14253	14258
10076	10081
10483	10488
10270	10275
14680	14685
10926	10931
10596	10601
10889	10894
13347	13352
10454	10459
14408	14413
14234	14239
13804	13809
12650	12655
10008	10013
11667	11672
12404	12409
13248	13253
11906	11911
14726	14731
14650	14655
14897	14902
13644	13649
13634	13639
10437	10442
11116	11121
11153	11158
14286	14291
10104	10109
11561	11566
11424	11429
11217	11222
14205	14210
14872	14877
10188	10193
13624	13629
14685	14690
11045	11050
13094	13099
13307	13312
10599	10604
13057	13062
10295	10300
11600	11605
12160	12165
14827	14832
14649	14654
12322	12327
12351	12356
11065	11070
10189	10194
12559	12564
10361	10366
10784	10789
12078	12083
10392	10397
13207	13212
10506	10511
14942	14947
13767	13772
10013	10018
10263	10268
10085	10090
10321	10326
12786	12791
11590	11595
12605	12610
13354	13359
12337	12342
10782	10787
11679	11684
11730	11735
12204	12209
13998	14003
13525	13530
11464	11469
13599	13604
14627	14632
14333	14338
11255	11260
14807	14812
10798	10803
13788	13793
13230	13235
14743	14748
11901	11906
12280	12285
12417	12422
14107	14112
12576	12581
14102	14107
11622	11627
13319	13324
12421	12426
11592	11597
13490	13495
13345	13350
11911	11916
13263	13268
13564	13569
13608	13613
13694	13699
13722	13727
10332	10337
11151	11156
12306	12311
10854	10859
10145	10150
10716	10721
13899	13904
12028	12033
13141	13146
13458	13463
12995	13000
10176	10181
10148	10153
13600	13605
14302	14307
12785	12790
13711	13716
14446	14451
12607	12612
13378	13383
13025	13030
13977	13982
14960	14965
10447	10452
11746	11751
12451	12456
10346	10351
10010	10015
11056	11061
14818	14823
12323	12328
10746	10751
10470	10475
13552	13557
12921	12926
14028	14033
13661	13666
11455	11460
11508	11513
12721	12726
14861	14866
13251	13256
10892	10897
14257	14262
14183	14188
13463	13468
11055	11060
10876	10881
10530	10535
12890	12895
13595	13600
11271	11276
13618	13623
13787	13792
13017	13022
11630	11635
12659	12664
13612	13617
14534	14539
12911	12916
10632	10637
14698	14703
14394	14399
10423	10428
13448	13453
13071	13076
12152	12157
11458	11463
14683	14688
12917	12922
14728	14733
14313	14318
11981	11986
10111	10116
12601	12606
12882	12887
11066	11071
13802	13807
10098	10103
12116	12121
11977	11982
12689	12694
12570	12575
14526	14531
13078	13083
13077	13082
10248	10253
14225	14230
10336	10341
12331	12336
10999	11004
11087	11092
12547	12552
13771	13776
11408	11413
13835	13840
10610	10615
13250	13255
13680	13685
10815	10820
11356	11361
14218	14223
10568	10573
11324	11329
12898	12903
13181	13186
12167	12172
10773	10778
10503	10508
14369	14374
11052	11057
14259	14264
12681	12686
12952	12957
11588	11593
10323	10328
13551	13556
11277	11282
12438	12443
12282	12287
13363	13368
14733	14738
12090	12095
13593	13598
11154	11159
12754	12759
14582	14587
14866	14871
10016	10021
11081	11086
11965	11970
14304	14309
14001	14006
13558	13563
13037	13042
14026	14031
12024	12029
14166	14171
11851	11856
14995	15000
14823	14828
14853	14858
10828	10833
14500	14505
11239	11244
12969	12974
14971	14976
13437	13442
12150	12155
12751	12756
11930	11935
11782	11787
14793	14798
14091	14096
10545	10550
10079	10084
14230	14235
10377	10382
10468	10473
12262	12267
13524	13529
14808	14813
10369	10374
10870	10875
10614	10619
10184	10189
10995	11000
12901	12906
10767	10772
11030	11035
10886	10891
13473	13478
13081	13086
13313	13318
14659	14664
14003	14008
12575	12580
12042	12047
12808	12813
12732	12737
13978	13983
11864	11869
11879	11884
10310	10315
10480	10485
10386	10391
14404	14409
10825	10830
13881	13886
10109	10114
14212	14217
13180	13185
14214	14219
13958	13963
12896	12901
14643	14648
12217	12222
13585	13590
13785	13790
10347	10352
13797	13802
11717	11722
14410	14415
13235	13240
12277	12282
12652	12657
14836	14841
11616	11621
12518	12523
11821	11826
14789	14794
13130	13135
12130	12135
11949	11954
12424	12429
10729	10734
12347	12352
11235	11240
12824	12829
12941	12946
11806	11811
13113	13118
14583	14588
12049	12054
14354	14359
11884	11889
11220	11225
14487	14492
10600	10605
12365	12370
13949	13954
10094	10099
11446	11451
11899	11904
13244	13249
13188	13193
12828	12833
14190	14195
10706	10711
14848	14853
14239	14244
14586	14591
10092	10097
13544	13549
10570	10575
12596	12601
14251	14256
11002	11007
14847	14852
11338	11343
14740	14745
11130	11135
14492	14497
10095	10100
14303	14308
11422	11427
12397	12402
13777	13782
11872	11877
12982	12987
14579	14584
10758	10763
13356	13361
13513	13518
11171	11176
13434	13439
10872	10877
12459	12464
10047	10052
12790	12795
13503	13508
11301	11306
14664	14669
10439	10444
11427	11432
14034	14039
12517	12522
14784	14789
12051	12056
10604	10609
13118	13123
12591	12596
10149	10154
13637	13642
13517	13522
14293	14298
14021	14026
14055	14060
10400	10405
12842	12847
13209	13214
14296	14301
10318	10323
10921	10926
13446	13451
14570	14575
13350	13355
11512	11517
11046	11051
11348	11353
12533	12538
14217	14222
11875	11880
10878	10883
14104	14109
14655	14660
10657	10662
10406	10411
10446	10451
14781	14786
10206	10211
12678	12683
11803	11808
14175	14180
12359	12364
11322	11327
10750	10755
13277	13282
14380	14385
11973	11978
10086	10091
14732	14737
12097	12102
10987	10992
12749	12754
10068	10073
11126	11131
13104	13109
12457	12462
14121	14126
13850	13855
11431	11436
11749	11754
14610	14615
13148	13153
13727	13732
10266	10271
14961	14966
11976	11981
14896	14901
14670	14675
14514	14519
13537	13542
12052	12057
13229	13234
12670	12675
14512	14517
12103	12108
12963	12968
10278	10283
10069	10074
14676	14681
12685	12690
11692	11697
12804	12809
14093	14098
13075	13080
13359	13364
13408	13413
12305	12310
13072	13077
13460	13465
14199	14204
13299	13304
13642	13647
11661	11666
13174	13179
14903	14908
11653	11658
10724	10729
11840	11845
11231	11236
14943	14948
10909	10914
11701	11706
11207	11212
14092	14097
11986	11991
14679	14684
12986	12991
14496	14501
14206	14211
11357	11362
13751	13756
10881	10886
11459	11464
13984	13989
13554	13559
12619	12624
14258	14263
14566	14571
14505	14510
10719	10724
11371	11376
14865	14870
10778	10783
14900	14905
11006	11011
11450	11455
13264	13269
14274	14279
14326	14331
10505	10510
13747	13752
10317	10322
10461	10466
12909	12914
13656	13661
11198	11203
14573	14578
10143	10148
10005	10010
14553	14558
11780	11785
12661	12666
13732	13737
13913	13918
11892	11897
14307	14312
11183	11188
14931	14936
14913	14918
13903	13908
14964	14969
14122	14127
14246	14251
13535	13540
13155	13160
10838	10843
12069	12074
10202	10207
11921	11926
13611	13616
12545	12550
12756	12761
14439	14444
14966	14971
11494	11499
10992	10997
14017	14022
14112	14117
13008	13013
13900	13905
10155	10160
12444	12449
14097	14102
14842	14847
12624	12629
13136	13141
11925	11930
11698	11703
10522	10527
14004	14009
13242	13247
13837	13842
12253	12258
12604	12609
10770	10775
12526	12531
11915	11920
10083	10088
11107	11112
13813	13818
12329	12334
13990	13995
10513	10518
12072	12077
13488	13493
14832	14837
13132	13137
11833	11838
10823	10828
12071	12076
12117	12122
11832	11837
14829	14834
11783	11788
10039	10044
14325	14330
12088	12093
14066	14071
13671	13676
13341	13346
13654	13659
13391	13396
10953	10958
13944	13949
10664	10669
11105	11110
14196	14201
14463	14468
11984	11989
13160	13165
13451	13456
14290	14295
14873	14878
13931	13936
14058	14063
14349	14354
11020	11025
11934	11939
10474	10479
10136	10141
12789	12794
10033	10038
13169	13174
11516	11521
10038	10043
12893	12898
11306	11311
14615	14620
10863	10868
13639	13644
11276	11281
10634	10639
14483	14488
12274	12279
12884	12889
11995	12000
13790	13795
14849	14854
10133	10138
11923	11928
11122	11127
14459	14464
10580	10585
11733	11738
14768	14773
14096	14101
13675	13680
10467	10472
12711	12716
13026	13031
13960	13965
13985	13990
14806	14811
10866	10871
11453	11458
14240	14245
13774	13779
14471	14476
13895	13900
14771	14776
12036	12041
13189	13194
13883	13888
11699	11704
12362	12367
11444	11449
14247	14252
11983	11988
12495	12500
14177	14182
11248	11253
12418	12423
12476	12481
10929	10934
10786	10791
10871	10876
13758	13763
13438	13443
11964	11969
10628	10633
11859	11864
13069	13074
11528	11533
13629	13634
13125	13130
14320	14325
12383	12388
14406	14411
10756	10761
12643	12648
12672	12677
12975	12980
12692	12697
13342	13347
12904	12909
10084	10089
12594	12599
12695	12700
10161	10166
14826	14831
10848	10853
12906	12911
10752	10757
13200	13205
13591	13596
11854	11859
14301	14306
10737	10742
14718	14723
10879	10884
10275	10280
13261	13266
12240	12245
12312	12317
14551	14556
10705	10710
14520	14525
14788	14793
14085	14090
11339	11344
14090	14095
13339	13344
12770	12775
14554	14559
14578	14583
14994	14999
12855	12860
14497	14502
11654	11659
10338	10343
12776	12781
10359	10364
14079	14084
11077	11082
14278	14283
14796	14801
13397	13402
12458	12463
11498	11503
10330	10335
11391	11396
12483	12488
13742	13747
13581	13586
11591	11596
14813	14818
13712	13717
12708	12713
13084	13089
12845	12850
13863	13868
11942	11947
11131	11136
14543	14548
10572	10577
11310	11315
13956	13961
14068	14073
12481	12486
11704	11709
11109	11114
13875	13880
13461	13466
13755	13760
12210	12215
10308	10313
10183	10188
14525	14530
11170	11175
14541	14546
10137	10142
10696	10701
12068	12073
12697	12702
10880	10885
14339	14344
10062	10067
12611	12616
14952	14957
10427	10432
14474	14479
13906	13911
11048	11053
14362	14367
12836	12841
13048	13053
10126	10131
11636	11641
11975	11980
10853	10858
12029	12034
14088	14093
14632	14637
11939	11944
11099	11104
10988	10993
14378	14383
11868	11873
12565	12570
13418	13423
10121	10126
11232	11237
10344	10349
12523	12528
14803	14808
14587	14592
11607	11612
12934	12939
12829	12834
10507	10512
12374	12379
13521	13526
11909	11914
12798	12803
10456	10461
11569	11574
11563	11568
14136	14141
10241	10246
11484	11489
13836	13841
10337	10342
11477	11482
11670	11675
11086	11091
10523	10528
11017	11022
13980	13985
12413	12418
10973	10978
13195	13200
10434	10439
13204	13209
14433	14438
14754	14759
12265	12270
14356	14361
13074	13079
12486	12491
11182	11187
10436	10441
10555	10560
10108	10113
10607	10612
12482	12487
11837	11842
10022	10027
11372	11377
10273	10278
13937	13942
10754	10759
11716	11721
10981	10986
12973	12978
12645	12650
12243	12248
12238	12243
14119	14124
13303	13308
13003	13008
13780	13785
10939	10944
14252	14257
10757	10762
13921	13926
10595	10600
11727	11732
12162	12167
11321	11326
10899	10904
12182	12187
13184	13189
10492	10497
12080	12085
14412	14417
10559	10564
14581	14586
11867	11872
10479	10484
12857	12862
10272	10277
10972	10977
13192	13197
11545	11550
11659	11664
13540	13545
12784	12789
12802	12807
14114	14119
13704	13709
13479	13484
14445	14450
14577	14582
14213	14218
12835	12840
12239	12244
10028	10033
14292	14297
12267	12272
14595	14600
10877	10882
12454	12459
11343	11348
13308	13313
10683	10688
10636	10641
11587	11592
11628	11633
13218	13223
10656	10661
13423	13428
14816	14821
10420	10425
12958	12963
14997	15002
14499	14504
14267	14272
11098	11103
12740	12745
11428	11433
12589	12594
11748	11753
14932	14937
14100	14105
14673	14678
11648	11653
12662	12667
14991	14996
10553	10558
13340	13345
13812	13817
11549	11554
12897	12902
14790	14795
12480	12485
13501	13506
13964	13969
13971	13976
12225	12230
10959	10964
10472	10477
13335	13340
13568	13573
11844	11849
10856	10861
14203	14208
10793	10798
12993	12998
10212	10217
11838	11843
13447	13452
14481	14486
10462	10467
13825	13830
10417	10422
13920	13925
13678	13683
11724	11729
13643	13648
11599	11604
11218	11223
14315	14320
13868	13873
14318	14323
14025	14030
14523	14528
11370	11375
12814	12819
12996	13001
14637	14642
10822	10827
13499	13504
14766	14771
11269	11274
12769	12774
14850	14855
12987	12992
12742	12747
12332	12337
10549	10554
12718	12723
10284	10289
14041	14046
13534	13539
14669	14674
14968	14973
12169	12174
13100	13105
10325	10330
12546	12551
12640	12645
12755	12760
10235	10240
10790	10795
11798	11803
13153	13158
11735	11740
14619	14624
14529	14534
13882	13887
10996	11001
11472	11477
11800	11805
10935	10940
12371	12376
13864	13869
13746	13751
11172	11177
12023	12028
11200	11205
10951	10956
14465	14470
14588	14593
11486	11491
14563	14568
12717	12722
12416	12421
10087	10092
12300	12305
12957	12962
14891	14896
14924	14929
13246	13251
12428	12433
12618	12623
11380	11385
12181	12186
10228	10233
13915	13920
12972	12977
12002	12007
14602	14607
13892	13897
14846	14851
14689	14694
14929	14934
13128	13133
12261	12266
10026	10031
11378	11383
13091	13096
13610	13615
13225	13230
10309	10314
13403	13408
13440	13445
13669	13674
14178	14183
10585	10590
11447	11452
14944	14949
12009	12014
12475	12480
14358	14363
14558	14563
12477	12482
12657	12662
11572	11577
10353	10358
14910	14915
14656	14661
13710	13715
11067	11072
12584	12589
10520	10525
12363	12368
13938	13943
11158	11163
12290	12295
11705	11710
12851	12856
14242	14247
13491	13496
12338	12343
13000	13005
12832	12837
10477	10482
14527	14532
10333	10338
10096	10101
12394	12399
14345	14350
10969	10974
10123	10128
10391	10396
11215	11220
13145	13150
12642	12647
14478	14483
14840	14845
12147	12152
14139	14144
14327	14332
14425	14430
11096	11101
11059	11064
11610	11615
14460	14465
12107	12112
13512	13517
13457	13462
13215	13220
13038	13043
10712	10717
11251	11256
10030	10035
10001	10006
10201	10206
14700	14705
14857	14862
13533	13538
13106	13111
12500	12505
13089	13094
14027	14032
14923	14928
10385	10390
14401	14406
14519	14524
12328	12333
11758	11763
11795	11800
12505	12510
12535	12540
10118	10123
10633	10638
14444	14449
13702	13707
13584	13589
12367	12372
13979	13984
12658	12663
10089	10094
13276	13281
14489	14494
14277	14282
12891	12896
13429	13434
14046	14051
13336	13341
14714	14719
11809	11814
13493	13498
11586	11591
11194	11199
10225	10230
10324	10329
13175	13180
14631	14636
11317	11322
11527	11532
12747	12752
11135	11140
11449	11454
10459	10464
10927	10932
14409	14414
14438	14443
13635	13640
14126	14131
12743	12748
13562	13567
10525	10530
14893	14898
14549	14554
13968	13973
12809	12814
11270	11275
12978	12983
14241	14246
11296	11301
13196	13201
10552	10557
12410	12415
14906	14911
14899	14904
12544	12549
13619	13624
10166	10171
14620	14625
10015	10020
11970	11975
12573	12578
14036	14041
10360	10365
12779	12784
12519	12524
12967	12972
12985	12990
10704	10709
11323	11328
13430	13435
11275	11280
10167	10172
14596	14601
13108	13113
14087	14092
11286	11291
11452	11457
14530	14535
12461	12466
14591	14596
12734	12739
14742	14747
13252	13257
14323	14328
12081	12086
14974	14979
13845	13850
12655	12660
14032	14037
11550	11555
14879	14884
14415	14420
14134	14139
13024	13029
10736	10741
10613	10618
10287	10292
12392	12397
12228	12233
11001	11006
12491	12496
13110	13115
12251	12256
13546	13551
11719	11724
13522	13527
13570	13575
14080	14085
14223	14228
11660	11665
10471	10476
14161	14166
14628	14633
13492	13497
13370	13375
14453	14458
14674	14679
11540	11545
11005	11010
10623	10628
10955	10960
10550	10555
10250	10255
13389	13394
13224	13229
14390	14395
11181	11186
14812	14817
14984	14989
12735	12740
11862	11867
11329	11334
10496	10501
10649	10654
11707	11712
13324	13329
11685	11690
11999	12004
13042	13047
11525	11530
12361	12366
14115	14120
12037	12042
13023	13028
13018	13023
13410	13415
13314	13319
10307	10312
10211	10216
10174	10179
13693	13698
14280	14285
10380	10385
10077	10082
10605	10610
13036	13041
14608	14613
12257	12262
14429	14434
14254	14259
11057	11062
10896	10901
11908	11913
12091	12096
11051	11056
10304	10309
13099	13104
14626	14631
12292	12297
14970	14975
13143	13148
14794	14799
14805	14810
12854	12859
10800	10805
12473	12478
11128	11133
10027	10032
14921	14926
13121	13126
10769	10774
12504	12509
10894	10899
11966	11971
10044	10049
11023	11028
14359	14364
10384	10389
14811	14816
11757	11762
12395	12400
14263	14268
13811	13816
12899	12904
13031	13036
13498	13503
10755	10760
11941	11946
13867	13872
11689	11694
10493	10498
10393	10398
10234	10239
12615	12620
11492	11497
11305	11310
13505	13510
11547	11552
10376	10381
14727	14732
13292	13297
14999	15004
12673	12678
12895	12900
10365	10370
14885	14890
11731	11736
12405	12410
14835	14840
11571	11576
11940	11945
14572	14577
14548	14553
12344	12349
11574	11579
14603	14608
10000	10005
10832	10837
13994	13999
13115	13120
11210	11215
14799	14804
14843	14848
13729	13734
11000	11005
10952	10957
11903	11908
13124	13129
14531	14536
11416	11421
14124	14129
13598	13603
10629	10634
12720	12725
14524	14529
11288	11293
14416	14421
13258	13263
11551	11556
14567	14572
14710	14715
11197	11202
14735	14740
13768	13773
14882	14887
13847	13852
11483	11488
10643	10648
13709	13714
12425	12430
10401	10406
14089	14094
13346	13351
13664	13669
11417	11422
14414	14419
14517	14522
14101	14106
10029	10034
14458	14463
14040	14045
12858	12863
14975	14980
11799	11804
12005	12010
10112	10117
10172	10177
14407	14412
14105	14110
12121	12126
13613	13618
10608	10613
12834	12839
10720	10725
10042	10047
12577	12582
13607	13612
12241	12246
12775	12780
13630	13635
11315	11320
10179	10184
14368	14373
13377	13382
12199	12204
12492	12497
10502	10507
11405	11410
10129	10134
12712	12717
12864	12869
13970	13975
10508	10513
11475	11480
12543	12548
12716	12721
14940	14945
14125	14130
14144	14149
11426	11431
11203	11208
10501	10506
14279	14284
13362	13367
10670	10675
12736	12741
10445	10450
10209	10214
10058	10063
14319	14324
13083	13088
10964	10969
12731	12736
11614	11619
13555	13560
10262	10267
14501	14506
13056	13061
14421	14426
10169	10174
13814	13819
12288	12293
14657	14662
14667	14672
12794	12799
10198	10203
10946	10951
10675	10680
11606	11611
12079	12084
11471	11476
11350	11355
10315	10320
12105	12110
11708	11713
13233	13238
14736	14741
12050	12055
12327	12332
10722	10727
11439	11444
11117	11122
14725	14730
12668	12673
12558	12563
11924	11929
14786	14791
11083	11088
13953	13958
13846	13851
10900	10905
14402	14407
14798	14803
10093	10098
12598	12603
13983	13988
13245	13250
11718	11723
14383	14388
14179	14184
14864	14869
13001	13006
11330	11335
13528	13533
10051	10056
14030	14035
13760	13765
11394	11399
13974	13979
11138	11143
12669	12674
14044	14049
14695	14700
10375	10380
10807	10812
14949	14954
14437	14442
11032	11037
11682	11687
13530	13535
13098	13103
14054	14059
11857	11862
13775	13780
14919	14924
11469	11474
11318	11323
11608	11613
10741	10746
13648	13653
14654	14659
10829	10834
10382	10387
11711	11716
13594	13599
10685	10690
12997	13002
10469	10474
10105	10110
12752	12757
11548	11553
14045	14050
12792	12797
10197	10202
11114	11119
12310	12315
12127	12132
14311	14316
12634	12639
10647	10652
11496	11501
14200	14205
12989	12994
11524	11529
12530	12535
11241	11246
12636	12641
11031	11036
10961	10966
13769	13774
10031	10036
11905	11910
11222	11227
14137	14142
10611	10616
12918	12923
11035	11040
10618	10623
13519	13524
10818	10823
13004	13009
12539	12544
11440	11445
14721	14726
12260	12265
12666	12671
12626	12631
13928	13933
14059	14064
10991	10996
10253	10258
14287	14292
11193	11198
11664	11669
14504	14509
11887	11892
14043	14048
12916	12921
11415	11420
12452	12457
11295	11300
10748	10753
12879	12884
12930	12935
11935	11940
14756	14761
10226	10231
12621	12626
10419	10424
13421	13426
13878	13883
13221	13226
11049	11054
11562	11567
10833	10838
12825	12830
12572	12577
12376	12381
11259	11264
13283	13288
14154	14159
13925	13930
11759	11764
10455	10460
14276	14281
12821	12826
14466	14471
10662	10667
13744	13749
11785	11790
12357	12362
14201	14206
13588	13593
12588	12593
14701	14706
14791	14796
14738	14743
11555	11560
12826	12831
10764	10769
12368	12373
10312	10317
14907	14912
12613	12618
12248	12253
13873	13878
12926	12931
11146	11151
11589	11594
10289	10294
10535	10540
13779	13784
11514	11519
12759	12764
14868	14873
11855	11860
12846	12851
11212	11217
10260	10265
12991	12996
13123	13128
13381	13386
12326	12331
14755	14760
13459	13464
12391	12396
13079	13084
10414	10419
13295	13300
11214	11219
11876	11881
14265	14270
10122	10127
14449	14454
12947	12952
13597	13602
11904	11909
10203	10208
12677	12682
14128	14133
13818	13823
14281	14286
11211	11216
13514	13519
13992	13997
13054	13059
13412	13417
14802	14807
14757	14762
12503	12508
12502	12507
14589	14594
12876	12881
13523	13528
11605	11610
14859	14864
10019	10024
14140	14145
13414	13419
13506	13511
14867	14872
12748	12753
10230	10235
10726	10731
11034	11039
14925	14930
13133	13138
12022	12027
11796	11801
12380	12385
13586	13591
11789	11794
14479	14484
11638	11643
11656	11661
13055	13060
14063	14068
14905	14910
11559	11564
10141	10146
11070	11075
14340	14345
12339	12344
12379	12384
13976	13981
12317	12322
13405	13410
10195	10200
12229	12234
14189	14194
12490	12495
14067	14072
12764	12769
10364	10369
12489	12494
13005	13010
10717	10722
11526	11531
13849	13854
12341	12346
13566	13571
10810	10815
13482	13487
12950	12955
12959	12964
12699	12704
11582	11587
10805	10810
13605	13610
11333	11338
14219	14224
11159	11164
13870	13875
14904	14909
10667	10672
14571	14576
14452	14457
12935	12940
12401	12406
10120	10125
10277	10282
14562	14567
12774	12779
12455	12460
12173	12178
10785	10790
12623	12628
11627	11632
12021	12026
11644	11649
10544	10549
13095	13100
11710	11715
12266	12271
13322	13327
11268	11273
12726	12731
12106	12111
10885	10890
12040	12045
12299	12304
13070	13075
11912	11917
11462	11467
14535	14540
10609	10614
11712	11717
13105	13110
11227	11232
11721	11726
12603	12608
14503	14508
14329	14334
10246	10251
11175	11180
12108	12113
13667	13672
11948	11953
11531	11536
13092	13097
10056	10061
10403	10408
14083	14088
11595	11600
14493	14498
11445	11450
14328	14333
14491	14496
10817	10822
10075	10080
12549	12554
10519	10524
14677	14682
12593	12598
14815	14820
13604	13609
14746	14751
13464	13469
11745	11750
13334	13339
11609	11614
14180	14185
10514	10519
13579	13584
10282	10287
12453	12458
10699	10704
12850	12855
12222	12227
11362	11367
10067	10072
11845	11850
13268	13273
11074	11079
11694	11699
14839	14844
14759	14764
13687	13692
13327	13332
14341	14346
13999	14004
13420	13425
11769	11774
14792	14797
11162	11167
11400	11405
14129	14134
10204	10209
14580	14585
13190	13195
12325	12330
13954	13959
10072	10077
13740	13745
11196	11201
13297	13302
12908	12913
11482	11487
12460	12465
14305	14310
12180	12185
13103	13108
12177	12182
11597	11602
11376	11381
11095	11100
10641	10646
13227	13232
14272	14277
10355	10360
11916	11921
12510	12515
12178	12183
14821	14826
11264	11269
13789	13794
13690	13695
12587	12592
14275	14280
14343	14348
10481	10486
14403	14408
14133	14138
13657	13662
13062	13067
13625	13630
10830	10835
11008	11013
11703	11708
14946	14951
14195	14200
12509	12514
14485	14490
end data 
