##
##EDUK source data file build with formula: chung; seed: 12345; wmin: 10000; wmax: 60000; pmin: 1; pmax: 500001; c: 530995; n: 5000; interest: 1; step: -5

n: 5000

c: 530995                              

begin data 
14084	14079
13626	13621
13500	13495
14845	14840
10728	10723
10806	10801
14457	14452
10405	10400
11148	11143
14852	14847
11784	11779
11208	11203
11674	11669
11433	11428
11612	11607
13152	13147
11260	11255
13471	13466
14440	14435
10327	10322
10534	10529
14557	14552
10841	10836
12190	12185
10438	10433
10138	10133
12053	12048
14249	14244
11509	11504
10142	10137
10974	10969
12757	12752
14780	14775
14985	14980
14347	14342
10428	10423
10326	10321
11819	11814
11741	11736
11675	11670
14330	14325
13876	13871
12294	12289
10218	10213
14702	14697
10490	10485
13997	13992
12609	12604
11910	11905
11895	11890
11355	11350
13935	13930
12275	12270
10665	10660
14462	14457
10115	10110
13538	13533
10840	10835
10687	10682
10978	10973
14912	14907
13468	13463
13163	13158
11047	11042
14824	14819
14981	14976
12707	12702
13563	13558
10703	10698
13120	13115
12586	12581
10799	10794
10101	10096
12230	12225
14860	14855
12980	12975
12434	12429
11285	11280
12628	12623
10322	10317
12508	12503
14155	14150
10160	10155
13485	13480
11094	11089
11142	11137
10432	10427
10906	10901
12062	12057
11580	11575
13067	13062
14764	14759
10050	10045
10037	10032
11108	11103
10440	10435
11308	11303
10930	10925
14011	14006
14877	14872
10150	10145
12714	12709
13168	13163
10049	10044
11119	11114
10742	10737
12907	12902
14963	14958
14009	14004
10257	10252
10381	10376
12440	12435
11237	11232
13480	13475
13375	13370
11015	11010
12426	12421
11518	11513
11695	11690
12259	12254
14598	14593
13449	13444
10655	10650
10777	10772
12033	12028
13149	13144
13096	13091
14431	14426
12568	12563
11425	11420
11396	11391
14386	14381
13531	13526
10229	10224
13052	13047
12165	12160
12402	12397
10567	10562
11739	11734
11110	11105
13745	13740
10424	10419
14801	14796
11463	11458
11831	11826
10963	10958
13962	13957
13393	13388
14597	14592
10489	10484
12940	12935
13770	13765
12760	12755
11258	11253
12166	12161
11166	11161
11767	11762
10695	10690
11839	11834
14020	14015
12232	12227
11467	11462
12003	11998
12903	12898
10495	10490
13399	13394
14954	14949
14712	14707
12810	12805
13176	13171
12777	12772
11969	11964
14270	14265
11127	11122
13902	13897
13337	13332
13905	13900
10651	10646
10363	10358
12920	12915
14711	14706
11320	11315
12144	12139
11473	11468
10640	10635
10521	10516
13556	13551
10387	10382
13249	13244
14887	14882
10267	10262
10738	10733
11596	11591
10351	10346
14693	14688
13859	13854
12215	12210
11722	11717
13615	13610
11291	11286
11920	11915
14498	14493
13776	13771
13683	13678
10653	10648
11848	11843
12025	12020
12118	12113
13898	13893
14629	14624
13134	13129
11389	11384
11390	11385
12686	12681
13383	13378
12614	12609
10652	10647
11521	11516
14881	14876
11399	11394
11501	11496
13550	13545
12966	12961
14809	14804
12200	12195
11327	11322
12218	12213
13698	13693
13257	13252
12783	12778
12818	12813
12233	12228
12791	12786
13649	13644
12008	12003
12236	12231
11488	11483
13144	13139
14633	14628
11990	11985
12702	12697
10739	10734
13621	13616
12763	12758
11125	11120
13049	13044
12467	12462
11184	11179
11434	11429
14719	14714
11536	11531
11804	11799
12768	12763
11897	11892
13965	13960
10473	10468
10528	10523
14015	14010
10698	10693
12579	12574
10139	10134
12840	12835
12856	12851
13369	13364
10261	10256
11787	11782
14717	14712
12348	12343
12321	12316
13019	13014
14515	14510
13731	13726
10749	10744
12463	12458
13013	13008
12264	12259
11856	11851
11290	11285
13871	13866
11736	11731
12442	12437
12112	12107
13673	13668
11617	11612
13407	13402
13518	13513
10561	10556
12030	12025
10875	10870
10103	10098
10702	10697
12207	12202
14488	14483
13496	13491
10164	10159
13927	13922
11755	11750
13262	13257
11347	11342
11842	11837
11358	11353
10238	10233
11714	11709
14072	14067
11538	11533
14069	14064
13129	13124
11843	11838
12831	12826
10646	10641
12154	12149
12922	12917
11102	11097
11994	11989
11437	11432
12074	12069
13402	13397
13085	13080
10663	10658
11581	11576
10678	10673
13688	13683
12974	12969
12114	12109
12946	12941
13284	13279
12449	12444
12278	12273
14947	14942
13109	13104
10349	10344
13214	13209
13843	13838
13844	13839
10389	10384
11201	11196
14647	14642
12320	12315
11242	11237
10851	10846
10942	10937
12012	12007
13987	13982
12094	12089
10429	10424
11577	11572
12151	12146
11476	11471
12646	12641
12551	12546
14029	14024
10196	10191
11709	11704
10373	10368
13484	13479
12900	12895
12758	12753
11982	11977
10014	10009
13738	13733
12092	12087
10581	10576
11684	11679
13157	13152
11641	11636
10052	10047
13750	13745
13939	13934
11824	11819
12663	12658
10820	10815
10264	10259
13651	13646
14169	14164
14833	14828
14366	14361
13561	13556
14150	14145
10888	10883
14120	14115
13253	13248
14397	14392
12377	12372
14716	14711
10350	10345
14324	14319
12399	12394
13058	13053
10412	10407
13724	13719
11044	11039
14902	14897
11729	11724
14373	14368
11103	11098
12862	12857
10642	10637
14787	14782
12870	12865
14965	14960
11311	11306
12865	12860
14042	14037
10989	10984
10294	10289
14774	14769
14993	14988
10966	10961
12710	12705
13557	13552
13424	13419
13392	13387
12797	12792
11478	11473
12803	12798
10276	10271
12822	12817
14238	14233
13539	13534
12778	12773
14951	14946
11360	11355
13841	13836
11216	11211
11041	11036
14611	14606
11786	11781
11346	11341
11583	11578
12507	12502
11640	11635
14814	14809
11993	11988
11388	11383
10529	10524
14604	14599
10402	10397
10601	10596
13874	13869
13559	13554
12242	12237
11687	11682
11230	11225
11068	11063
13186	13181
10531	10526
12284	12279
14561	14556
12334	12329
13799	13794
11765	11760
10721	10716
10320	10315
10910	10905
14350	14345
12128	12123
12216	12211
12727	12722
13541	13536
11413	11408
11533	11528
13632	13627
11185	11180
10071	10066
14051	14046
12388	12383
12852	12847
14448	14443
10374	10369
11677	11672
11506	11501
11243	11238
12631	12626
11560	11555
13842	13837
10274	10269
10986	10981
14095	14090
12923	12918
10593	10588
10940	10935
11997	11992
11253	11248
13441	13436
13202	13197
12925	12920
12979	12974
14031	14026
11513	11508
13810	13805
12542	12537
10048	10043
11088	11083
12567	12562
12513	12508
11402	11397
12762	12757
11835	11830
10465	10460
12120	12115
12632	12627
10269	10264
11140	11135
12479	12474
12521	12516
11040	11035
10836	10831
12705	12700
14182	14177
12046	12041
13477	13472
13472	13467
10763	10758
12465	12460
10597	10592
14590	14585
10908	10903
13946	13941
12931	12926
12370	12365
12816	12811
14057	14052
13824	13819
10486	10481
12767	12762
11629	11624
11808	11803
12501	12496
10341	10336
12992	12987
10650	10645
10944	10939
13884	13879
11024	11019
13131	13126
14211	14206
11625	11620
11352	11347
12045	12040
14024	14019
14653	14648
12773	12768
12061	12056
10566	10561
10808	10803
11307	11302
13640	13635
11992	11987
12179	12174
10296	10291
11072	11067
14575	14570
10314	10309
13800	13795
13577	13572
10684	10679
11602	11597
12738	12733
13127	13122
12487	12482
14660	14655
10571	10566
14053	14048
11263	11258
14539	14534
14687	14682
12270	12265
13053	13048
11968	11963
10779	10774
10224	10219
12471	12466
13686	13681
12936	12931
11618	11613
13853	13848
10180	10175
14770	14765
14758	14753
10057	10052
14688	14683
10753	10748
11542	11537
11465	11460
12015	12010
11397	11392
11266	11261
12304	12299
11790	11785
11570	11565
14869	14864
11093	11088
10766	10761
14820	14815
11546	11541
11027	11022
14686	14681
12823	12818
14722	14717
12700	12695
12313	12308
11493	11488
13213	13208
11092	11087
10128	10123
13179	13174
10912	10907
12880	12875
14959	14954
10914	10909
10285	10280
11573	11568
13272	13267
11763	11758
12104	12099
10787	10782
14646	14641
13699	13694
10070	10065
13609	13604
11386	11381
10210	10205
12350	12345
14157	14152
10845	10840
10339	10334
13178	13173
11294	11289
13309	13304
12684	12679
14998	14993
10847	10842
11794	11789
11155	11150
14312	14307
14411	14406
11788	11783
12287	12282
13894	13889
11802	11797
11568	11563
12035	12030
14164	14159
12356	12351
11623	11618
10457	10452
13659	13654
10761	10756
11100	11095
11145	11140
13889	13884
12905	12900
11619	11614
13852	13847
13670	13665
12924	12919
10562	10557
12076	12071
11663	11658
13226	13221
11409	11404
10855	10850
10442	10437
11412	11407
12038	12033
13951	13946
12271	12266
12813	12808
14564	14559
10175	10170
10208	10203
11079	11074
12949	12944
14983	14978
10965	10960
10639	10634
13333	13328
13076	13071
11960	11955
13326	13321
13532	13527
12522	12517
12014	12009
13515	13510
11971	11966
12450	12445
11702	11697
12027	12022
12563	12558
13943	13938
10399	10394
13725	13720
12175	12170
11387	11382
11342	11337
12095	12090
12869	12864
11120	11115
10565	10560
14470	14465
13766	13761
11947	11942
13357	13352
12296	12291
11680	11675
10078	10073
13728	13723
13832	13827
10004	9999
14174	14169
10659	10654
13897	13892
10560	10555
11123	11118
11697	11692
11191	11186
14927	14922
12283	12278
12279	12274
14593	14588
14215	14210
10215	10210
14720	14715
10576	10571
14518	14513
10020	10015
13752	13747
12745	12740
11326	11321
14289	14284
13933	13928
12581	12576
11681	11676
12197	12192
11766	11761
13041	13036
12301	12296
12309	12304
10313	10308
10744	10739
13495	13490
12913	12908
14037	14032
10916	10911
10827	10822
12212	12207
10957	10952
11881	11876
10983	10978
10117	10112
10144	10139
12423	12418
13572	13567
12089	12084
10407	10402
14050	14045
13526	13521
14226	14221
11936	11931
11443	11438
14675	14670
10780	10775
13887	13882
11282	11277
10135	10130
11359	11354
13831	13826
14513	14508
12627	12622
12020	12015
14299	14294
11658	11653
14173	14168
13583	13578
12443	12438
11143	11138
13154	13149
13877	13872
14810	14805
10802	10797
12664	12659
11054	11049
12064	12059
10954	10949
13891	13886
12633	12628
13469	13464
13033	13028
11853	11848
12687	12682
11989	11984
12674	12669
12134	12129
12610	12605
14000	13995
12524	12519
12485	12480
10231	10226
14941	14936
11624	11619
12580	12575
14739	14734
10512	10507
10745	10740
10410	10405
12057	12052
11752	11747
14898	14893
13553	13548
10575	10570
11510	11505
11174	11169
12281	12276
11075	11070
11575	11570
10692	10687
14552	14547
13720	13715
13578	13573
10835	10830
12988	12983
12560	12555
12195	12190
11256	11251
13509	13504
11517	11512
14192	14187
13508	13503
13028	13023
14930	14925
12059	12054
13922	13917
12841	12836
10701	10696
13919	13914
11816	11811
12070	12065
11961	11956
12478	12473
13807	13802
13714	13709
10804	10799
13910	13905
11827	11822
11530	11525
11507	11502
13164	13159
12058	12053
13862	13857
11009	11004
11539	11534
11392	11387
10154	10149
12135	12130
11556	11551
13504	13499
14228	14223
10589	10584
11178	11173
10548	10543
11820	11815
14934	14929
11309	11304
11974	11969
10842	10837
14776	14771
11996	11991
10834	10829
14130	14125
14098	14093
10765	10760
10181	10176
10510	10505
12771	12766
11328	11323
13101	13096
11124	11119
11176	11171
14957	14952
12566	12561
13516	13511
10730	10725
11849	11844
14854	14849
12055	12050
10239	10234
14569	14564
11132	11127
13467	13462
14208	14203
12148	12143
12330	12325
14617	14612
12942	12937
12063	12058
14371	14366
14692	14687
13450	13445
12303	12298
12867	12862
12525	12520
13093	13088
12863	12858
10396	10391
13142	13137
10577	10572
13801	13796
13287	13282
11937	11932
13923	13918
13719	13714
10588	10583
11801	11796
12170	12165
14973	14968
10041	10036
14916	14911
11543	11538
14309	14304
14666	14661
10713	10708
10984	10979
14455	14450
11933	11928
11173	11168
12445	12440
13582	13577
13151	13146
11811	11806
12629	12624
14336	14331
13778	13773
13114	13109
10849	10844
11732	11727
14822	14817
13679	13674
11038	11033
13380	13375
12153	12148
10413	10408
11611	11606
11985	11980
14081	14076
12468	12463
13975	13970
11289	11284
10409	10404
13352	13347
11377	11372
12272	12267
12704	12699
11943	11938
13918	13913
10064	10059
13543	13538
10343	10338
13542	13537
12800	12795
14630	14625
10727	10722
13822	13817
10587	10582
10511	10506
13856	13851
14642	14637
11190	11185
10199	10194
14800	14795
10478	10473
13034	13029
10305	10300
14584	14579
11944	11939
13574	13569
12556	12551
11696	11691
13991	13986
12396	12391
12649	12644
11894	11889
13981	13976
12073	12068
10177	10172
14624	14619
11156	11151
14623	14618
13185	13180
11406	11401
11297	11292
11246	11241
13138	13133
11479	11474
11534	11529
12018	12013
13316	13311
14461	14456
10073	10068
11649	11644
10060	10055
13388	13383
13280	13275
11043	11038
13425	13420
12682	12677
12430	12425
12000	11995
13068	13063
10306	10301
11250	11245
12612	12607
14073	14068
12111	12106
11797	11792
11888	11883
12409	12404
14176	14171
14094	14089
13961	13956
10223	10218
11247	11242
12703	12698
13633	13628
13741	13736
11113	11108
13137	13132
11491	11486
10537	10532
13080	13075
14841	14836
14078	14073
14625	14620
14322	14317
14948	14943
14209	14204
14748	14743
11228	11223
11381	11376
10735	10730
13653	13648
12206	12201
11456	11451
11829	11824
12722	12717
10621	10616
10584	10579
13194	13189
14002	13997
13689	13684
12176	12171
11037	11032
12793	12788
14332	14327
12145	12140
11938	11933
12044	12039
13573	13568
13219	13214
11265	11260
13934	13929
11136	11131
10153	10148
12208	12203
10113	10108
14381	14376
11169	11164
13296	13291
11913	11908
13304	13299
10859	10854
11866	11861
14331	14326
11958	11953
11221	11216
13361	13356
10874	10869
10124	10119
13159	13154
11657	11652
10747	10742
13614	13609
11319	11314
10527	10522
10686	10681
14099	14094
10843	10838
10734	10729
10616	10611
14389	14384
10099	10094
10494	10489
12349	12344
11186	11181
13097	13092
11988	11983
11950	11945
11474	11469
10035	10030
12912	12907
14976	14971
11495	11490
11039	11034
11487	11482
13281	13276
12553	12548
13205	13200
10860	10855
10797	10792
11418	11413
11860	11855
10265	10260
12164	12159
12647	12642
11499	11494
14233	14228
14361	14356
10524	10519
12441	12436
14388	14383
13241	13236
13880	13875
13674	13669
10173	10168
11826	11821
11429	11424
14918	14913
13620	13615
13384	13379
14888	14883
14436	14431
10711	10706
10809	10804
10156	10151
10591	10586
13947	13942
14760	14755
10242	10237
12258	12253
12843	12838
10190	10185
11861	11856
11871	11866
11883	11878
13288	13283
10673	10668
12983	12978
14172	14167
14817	14812
12032	12027
11026	11021
11314	11309
10624	10619
14153	14148
14464	14459
11461	11456
12536	12531
14197	14192
12137	12132
10452	10447
11192	11187
12955	12950
11846	11841
10279	10274
11312	11307
14070	14065
12656	12651
11951	11946
11863	11858
11115	11110
14377	14372
11225	11220
10933	10928
13040	13035
12744	12739
14269	14264
12297	12292
12688	12683
12381	12376
12948	12943
10435	10430
10358	10353
11706	11701
11898	11893
13945	13940
12066	12061
11364	11359
10482	10477
12540	12535
12324	12319
12354	12349
11090	11085
13382	13377
13413	13408
10846	10841
10934	10929
14162	14157
14141	14136
11889	11884
12056	12051
12583	12578
14883	14878
11552	11547
11874	11869
12202	12197
11503	11498
12318	12313
10975	10970
11632	11627
13298	13293
12433	12428
11272	11267
10450	10445
14972	14967
14892	14887
13301	13296
12414	12409
11779	11774
10905	10900
11686	11681
14062	14057
14745	14740
10165	10160
13426	13421
12914	12909
12382	12377
10638	10633
12665	12660
10383	10378
14086	14081
12385	12380
12136	12131
11578	11573
13111	13106
12733	12728
14484	14479
12184	12179
13739	13734
10504	10499
12412	12407
13050	13045
10171	10166
12358	12353
12866	12861
14135	14130
12706	12701
12436	12431
14468	14463
10366	10361
13794	13789
13082	13077
10803	10798
12847	12842
11287	11282
13948	13943
14992	14987
11598	11593
11104	11099
14782	14777
11457	11452
12571	12566
14917	14912
13606	13601
12157	12152
10390	10385
13360	13355
13590	13585
10404	10399
10024	10019
13623	13618
13592	13587
11500	11495
10660	10655
13950	13945
14232	14227
13940	13935
11956	11951
10147	10142
14422	14417
13932	13927
12938	12933
14472	14467
13444	13439
14838	14833
10213	10208
14652	14647
14202	14197
13827	13822
12115	12110
14734	14729
11335	11330
11273	11268
12273	12268
14777	14772
13066	13061
13374	13369
13483	13478
13396	13391
11177	11172
10518	10513
13726	13721
12853	12848
12075	12070
12910	12905
13173	13168
11688	11683
12250	12245
10395	10390
10498	10493
13086	13081
13820	13815
10887	10882
12406	12401
14143	14138
13320	13315
11349	11344
10677	10672
12393	12388
12787	12782
10883	10878
10622	10617
10114	10109
12346	12341
11917	11912
13685	13680
13007	13002
14574	14569
14008	14003
11810	11805
14482	14477
10170	10165
14705	14700
12355	12350
12129	12124
14684	14679
11537	11532
14384	14379
12976	12971
10006	10001
11141	11136
11091	11086
11865	11860
12569	12564
12124	12119
10088	10083
10690	10685
10151	10146
11438	11433
12859	12854
12506	12501
14127	14122
12820	12815
11188	11183
11922	11917
11781	11776
11414	11409
11998	11993
13723	13718
14188	14183
11354	11349
12249	12244
10733	10728
11967	11962
14480	14475
11836	11831
11541	11536
14338	14333
12366	12361
13705	13700
12198	12193
14528	14523
10460	10455
12256	12251
13596	13591
10433	10428
14938	14933
11325	11320
12039	12034
11515	11510
14715	14710
10449	10444
14863	14858
11885	11880
11742	11737
11852	11847
10193	10188
10949	10944
13470	13465
12484	12479
11980	11975
14550	14545
12534	12529
12087	12082
11642	11637
14423	14418
11432	11427
13761	13756
13803	13798
12389	12384
10102	10097
12729	12724
12205	12200
14074	14069
13765	13760
12585	12580
13064	13059
14273	14268
10994	10989
10564	10559
12429	12424
13527	13522
11647	11642
11776	11771
12007	12002
14769	14764
12369	12364
10131	10126
11226	11221
14605	14600
13274	13269
14510	14505
11646	11641
13275	13270
12140	12135
13265	13260
13896	13891
10672	10667
12247	12242
13696	13691
14678	14673
10541	10536
13323	13318
13032	13027
10732	10727
14229	14224
10679	10674
10220	10215
11441	11436
11643	11638
11751	11746
14682	14677
13239	13234
13126	13121
11773	11768
12694	12689
13851	13846
11252	11247
13431	13426
13986	13981
13754	13749
12286	12281
11223	11218
10579	10574
14405	14400
13311	13306
12096	12091
14988	14983
11152	11147
11331	11326
12671	12666
13762	13757
14542	14537
10291	10286
11278	11273
14690	14685
14306	14301
10475	10470
12314	12309
12564	12559
14207	14202
10540	10535
10497	10492
11244	11239
14261	14256
14353	14348
10783	10778
11665	11660
11691	11686
14607	14602
12004	11999
14181	14176
14237	14232
12378	12373
11678	11673
10619	10614
13140	13135
13331	13326
13682	13677
14665	14660
11700	11695
12400	12395
14509	14504
11817	11812
13454	13449
12782	12777
10709	10704
12874	12869
10932	10927
11365	11360
12944	12939
10893	10888
11403	11398
12965	12960
10563	10558
13273	13268
12554	12549
10416	10411
14651	14646
11490	11485
13321	13316
14260	14255
11383	11378
12599	12594
12578	12573
13428	13423
10356	10351
10583	10578
10227	10222
14221	14216
13936	13931
13417	13412
14672	14667
13364	13359
12141	12136
10691	10686
10140	10135
12548	12543
10625	10620
13217	13212
10515	10510
11902	11897
12894	12889
12620	12615
11261	11256
11720	11715
10003	9998
11557	11552
10130	10125
11584	11579
14417	14412
10430	10425
12126	12121
10762	10757
13212	13207
12161	12156
14038	14033
11303	11298
10243	10238
14648	14643
10081	10076
12403	12398
14419	14414
12724	12719
12873	12868
11165	11160
12746	12741
13677	13672
13952	13947
10554	10549
13545	13540
12142	12137
14367	14362
14920	14915
14071	14066
13672	13667
12387	12382
14379	14374
14933	14928
12373	12368
13912	13907
13102	13097
14982	14977
11822	11817
13830	13825
14138	14133
11740	11735
13703	13698
11407	11402
11344	11339
10018	10013
12237	12232
13182	13177
13668	13663
11129	11124
10200	10195
12595	12590
11805	11800
10970	10965
12902	12897
13259	13254
11189	11184
10125	10120
14375	14370
13893	13888
10913	10908
14772	14767
10185	10180
11725	11720
10865	10860
11279	11274
12837	12832
12617	12612
13759	13754
11206	11201
11764	11759
11593	11588
14152	14147
13796	13791
10388	10383
11480	11475
11209	11204
10788	10783
10300	10295
11368	11363
14830	14825
13665	13660
14006	14001
14399	14394
11672	11667
10598	10593
12878	12873
13406	13401
12219	12214
14506	14501
11179	11174
14243	14238
14374	14369
12335	12330
12298	12293
14393	14388
14508	14503
14704	14699
11341	11336
13404	13399
12336	12331
13012	13007
14106	14101
12875	12870
12833	12828
13107	13102
10159	10154
10340	10335
10967	10962
13773	13768
14184	14179
13743	13738
13061	13056
13286	13281
14049	14044
10891	10886
12960	12955
10074	10069
11485	11480
10247	10242
13087	13082
11777	11772
11926	11921
14285	14280
12552	12547
11229	11224
12398	12393
13416	13411
14297	14292
13781	13776
13676	13671
10194	10189
11419	11414
12223	12218
11878	11873
12815	12810
10146	10141
12084	12079
11713	11708
11267	11262
12143	12138
11652	11647
12131	12126
11723	11718
13411	13406
11454	11449
13631	13626
13206	13201
10603	10598
14507	14502
11164	11159
14245	14240
10594	10589
12496	12491
12158	12153
14594	14589
14486	14481
12408	12403
14283	14278
10182	10177
13371	13366
13021	13016
11791	11786
11316	11311
11283	11278
14387	14382
13330	13325
12034	12029
10789	10784
14958	14953
13967	13962
10654	10649
13748	13743
14661	14656
14783	14778
14713	14708
11369	11364
11891	11886
10590	10585
14977	14972
12149	12144
13869	13864
11205	11200
11932	11927
12189	12184
11025	11020
14288	14283
10898	10893
13890	13885
13059	13054
14945	14940
11157	11152
10645	10640
10956	10951
11163	11158
11807	11802
10922	10917
14142	14137
11213	11208
11620	11615
11384	11379
14151	14146
14762	14757
14645	14640
13166	13161
10302	10297
10674	10669
11144	11139
12462	12457
12415	12410
13027	13022
13695	13690
12527	12522
10186	10181
13043	13038
13010	13005
11160	11155
12098	12093
11668	11663
11366	11361
10547	10542
11219	11214
12109	12104
14475	14470
13236	13231
11954	11949
12637	12632
11435	11430
11953	11948
11033	11028
12086	12081
10232	10227
12010	12005
12419	12414
11962	11957
14565	14560
13638	13633
13684	13679
11576	11571
10796	10791
11858	11853
13857	13852
12174	12169
13222	13217
12472	12467
13009	13004
11401	11396
13290	13285
12026	12021
12196	12191
12203	12198
13006	13001
10348	10343
13569	13564
13602	13597
12538	12533
10311	10306
11410	11405
10539	10534
13270	13265
12343	12338
10985	10980
11016	11011
10658	10653
11715	11710
10668	10663
11566	11561
10873	10868
10936	10931
11084	11079
11955	11950
12110	12105
13419	13414
10065	10060
10237	10232
11003	10998
11626	11621
14708	14703
13300	13295
12709	12704
12838	12833
14828	14823
14146	14141
12333	12328
10379	10374
11532	11527
11393	11388
12214	12209
11274	11269
12159	12154
14395	14390
10372	10367
14546	14541
11873	11868
14185	14180
13697	13692
14131	14126
11522	11517
13872	13867
12630	12625
14116	14111
12201	12196
14076	14071
11382	11377
14014	14009
11594	11589
11567	11562
10725	10720
12411	12406
14532	14527
10902	10897
12625	12620
10558	10553
11004	10999
12741	12736
10316	10311
10303	10298
10216	10211
10127	10122
11029	11024
13465	13460
11519	11514
10998	10993
13325	13320
10040	10035
13718	13713
12887	12882
10066	10061
10661	10656
11896	11891
11014	11009
11850	11845
10054	10049
13478	13473
10254	10249
12100	12095
11750	11745
10288	10283
13220	13215
10592	10587
12171	12166
12001	11996
11340	11335
11111	11106
13029	13024
10858	10853
12054	12049
12608	12603
13886	13881
10328	10323
11240	11235
14668	14663
11669	11664
13170	13165
12125	12120
11299	11294
14908	14903
11149	11144
11300	11295
12211	12206
14310	14305
13792	13787
13267	13262
14370	14365
13294	13289
11601	11596
12133	12128
13039	13034
10357	10352
11991	11986
13645	13640
11139	11134
10731	10726
11019	11014
11336	11331
12977	12972
11345	11340
11101	11096
13119	13114
13191	13186
14795	14790
12019	12014
12871	12866
14709	14704
13395	13390
11635	11630
10631	10626
14337	14332
13073	13068
13051	13046
14858	14853
11466	11461
13861	13856
13834	13829
11050	11045
12532	12527
11946	11941
14023	14018
12981	12976
13231	13226
10157	10152
11886	11881
13969	13964
13908	13903
12119	12114
12616	12611
11481	11476
14955	14950
12432	12427
11042	11037
11979	11974
11293	11288
10290	10285
14895	14890
13415	13410
12295	12290
10499	10494
13256	13251
12885	12880
11332	11327
11082	11077
14937	14932
10367	10362
13565	13560
14851	14846
14308	14303
10920	10915
11778	11773
14641	14636
11224	11219
12244	12239
11118	11113
12311	12306
11147	11142
14886	14881
14244	14239
12291	12286
14521	14516
12515	12510
12516	12511
14609	14604
12765	12760
14060	14055
14168	14163
10100	10095
12185	12180
12191	12186
12427	12422
14113	14108
11012	11007
12319	12314
10907	10902
10962	10957
12234	12229
12308	12303
10476	10471
10680	10675
14928	14923
11379	11374
14314	14309
13786	13781
13201	13196
13379	13374
13282	13277
12123	12118
11535	11530
11754	11749
12435	12430
14355	14350
14016	14011
12213	12208
10342	10337
12638	12633
12648	12643
11529	11524
14171	14166
14363	14358
11069	11064
11062	11057
14372	14367
11423	11418
13401	13396
10824	10819
13805	13800
12384	12379
10771	10766
10097	10092
11337	11332
13658	13653
14978	14973
13306	13301
10869	10864
10612	10607
14047	14042
14844	14839
10191	10186
11870	11865
14434	14429
10249	10244
10034	10029
13452	13447
10297	10292
14348	14343
14779	14774
12422	12417
13730	13725
13167	13162
14856	14851
12888	12883
11133	11128
10245	10240
14256	14251
13390	13385
14194	14189
10362	10357
14662	14657
12390	12385
14544	14539
12011	12006
10839	10834
12187	12182
11063	11058
11726	11721
13717	13712
13733	13728
11199	11194
13158	13153
10256	10251
10620	10615
12464	12459
14834	14829
11460	11455
10259	10254
10368	10363
12723	12718
11011	11006
10046	10041
12868	12863
12984	12979
14108	14103
10586	10581
14065	14060
13165	13160
12231	12226
13232	13227
13757	13752
13177	13172
12606	12601
14456	14451
11395	11390
14149	14144
12839	12834
10864	10859
11771	11766
14804	14799
14077	14072
12352	12347
14248	14243
14681	14676
14556	14551
11373	11368
10408	10403
10947	10942
12690	12685
14476	14471
12886	12881
11553	11548
11830	11825
13060	13055
10415	10410
13783	13778
13511	13506
13171	13166
14430	14425
12557	12552
13707	13702
14052	14047
13203	13198
12514	12509
14797	14792
14634	14629
12943	12938
11018	11013
12817	12812
10688	10683
11281	11276
12316	12311
14255	14250
10556	10551
14148	14143
13916	13911
12375	12370
11761	11756
14747	14742
11919	11914
14424	14419
14592	14587
10319	10314
11818	11813
11284	11279
14222	14217
10923	10918
11280	11275
10352	10347
13223	13218
11523	11518
14723	14718
12263	12258
13589	13584
10240	10235
11150	11145
13914	13909
10178	10173
14495	14490
14427	14422
10281	10276
12227	12222
12268	12263
13636	13631
14744	14739
10573	10568
11353	11348
10059	10054
13529	13524
13957	13952
12067	12062
10776	10771
13955	13950
11565	11560
10694	10689
10630	10625
13289	13284
12592	12587
10162	10157
10868	10863
14559	14554
12937	12932
13269	13264
13988	13983
14540	14535
10606	10601
14123	14118
10792	10787
13963	13958
10928	10923
11747	11742
13466	13461
12499	12494
10205	10200
10669	10664
12622	12617
11430	11425
14996	14991
13721	13716
13756	13751
12780	12775
11768	11763
12929	12924
12766	12761
10897	10892
13409	13404
12224	12219
14235	14230
10867	10862
13662	13657
14874	14869
13238	13233
10080	10075
14763	14758
14884	14879
13266	13261
10002	9997
13821	13816
11775	11770
11558	11553
10431	10426
14915	14910
10280	10275
14413	14408
11772	11767
14703	14698
11007	11002
10982	10977
10451	10446
12750	12745
12667	12662
12796	12791
11927	11922
13646	13641
10543	10538
10214	10209
13622	13617
14536	14531
11076	11071
11774	11769
10938	10933
10977	10972
12753	12748
12561	12556
12043	12038
12801	12796
13462	13457
13193	13188
13398	13393
14110	14105
12122	12117
14400	14395
14909	14904
12531	12526
10850	10845
12781	12776
10682	10677
14750	14745
12998	12993
13047	13042
10941	10936
10697	10692
13255	13250
14775	14770
11505	11500
12163	12158
12307	12302
14364	14359
14250	14245
10331	10326
14537	14532
12226	12221
13575	13570
14268	14263
12512	12507
13328	13323
10258	10253
14132	14127
13353	13348
11298	11293
11914	11909
14545	14540
10990	10985
12719	12714
12805	12800
11520	11515
11504	11499
10329	10324
13432	13427
13135	13130
13422	13417
11254	11249
13973	13968
13929	13924
10795	10790
10644	10639
11613	11608
12849	12844
14936	14931
10901	10896
12990	12985
12474	12469
10371	10366
12725	12720
12113	12108
13819	13814
12728	12723
14935	14930
12806	12801
12082	12077
11398	11393
12420	12415
14163	14158
14186	14181
12293	12288
14187	14182
10221	10216
12683	12678
12315	12310
10106	10101
13972	13967
10671	10666
14855	14850
14224	14219
14473	14468
12550	12545
12541	12536
12386	12381
12861	12856
10723	10718
13044	13039
10895	10890
10937	10932
13798	13793
10700	10695
11302	11297
13829	13824
10466	10461
13838	13833
10918	10913
13260	13255
13737	13732
11292	11287
14351	14346
13663	13658
14741	14736
13332	13327
14980	14975
10794	10789
13366	13361
14950	14945
11058	11053
11637	11632
12772	12767
13210	13205
12065	12060
13510	13505
11112	11107
10911	10906
11815	11810
12881	12876
11134	11129
11363	11358
11673	11668
10768	10763
14271	14266
12945	12940
10090	10085
14555	14550
12679	12674
12016	12011
14010	14005
10207	10202
14752	14747
13475	13470
11959	11954
12031	12026
11890	11885
13828	13823
11893	11888
14335	14330
11511	11506
14443	14438
10418	10413
10976	10971
14450	14445
12498	12493
13349	13344
13858	13853
12470	12465
13763	13758
11738	11733
14236	14231
10485	10480
10819	10814
10917	10912
13930	13925
13926	13921
13020	13015
10775	10770
14447	14442
12889	12884
13576	13571
14606	14601
10924	10919
14435	14430
10061	10056
13489	13484
13809	13804
14585	14580
11204	11199
10298	10293
12698	12693
11651	11646
10192	10187
12892	12887
13601	13596
12488	12483
13162	13157
12811	12806
12353	12348
10116	10111
12872	12867
11245	11240
12715	12710
11374	11369
10801	10796
12302	12297
14737	14732
13045	13040
13122	13117
11631	11626
14193	14188
13216	13211
12132	12127
10500	10495
12437	12432
11929	11924
13344	13339
11257	11252
13435	13430
11880	11875
13271	13266
11106	11101
12439	12434
13453	13448
13784	13779
13692	13687
11351	11346
14986	14981
14914	14909
11615	11610
13560	13555
11604	11599
10666	10661
10546	10541
14082	14077
11676	11671
12653	12648
12675	12670
13046	13041
12932	12927
11972	11967
11882	11877
13571	13566
10882	10877
12101	12096
13481	13476
10217	10212
12590	12585
13455	13450
13791	13786
14622	14617
10443	10438
11737	11732
13666	13661
13854	13849
14875	14870
10538	10533
13650	13645
12221	12216
10915	10910
13700	13695
13795	13790
10255	10250
11022	11017
12927	12922
10398	10393
14454	14449
13866	13861
10968	10963
10980	10975
11756	11751
12555	12550
12456	12451
11728	11723
12953	12948
10017	10012
11080	11075
12529	12524
12602	12597
13474	13469
10463	10458
14103	14098
14170	14165
14426	14421
11304	11299
14636	14631
13117	13112
11168	11163
13014	13009
10370	10365
14262	14257
10615	10610
13701	13696
14618	14613
12654	12649
13247	13242
13860	13855
13808	13803
12693	12688
14731	14726
13652	13647
13443	13438
10335	10330
12928	12923
10943	10938
12574	12569
12183	12178
11470	11465
14012	14007
11036	11031
12915	12910
10251	10246
14432	14427
12269	12264
14321	14316
11404	11399
11021	11016
10244	10239
13343	13338
10948	10943
13616	13611
12954	12949
11078	11073
10715	10710
11180	11175
10945	10940
12639	12634
14198	14193
10394	10389
14216	14211
13312	13307
11489	11484
12047	12042
13815	13810
14989	14984
10107	10102
14691	14686
11448	11443
11963	11958
10025	10020
12186	12181
13486	13481
10411	10406
13959	13954
13628	13623
13716	13711
10045	10040
14969	14964
10602	10597
13715	13710
14616	14611
10426	10421
12819	12814
13156	13151
14158	14153
11734	11729
11957	11952
12077	12072
12099	12094
10931	10926
10293	10288
13736	13731
12641	12636
11238	11233
13279	13274
10491	10486
13358	13353
11847	11842
10222	10217
12883	12878
11436	11431
14962	14957
11869	11864
10516	10511
13782	13777
13520	13515
11195	11190
11792	11787
13355	13350
14019	14014
13708	13703
13502	13497
11760	11755
14013	14008
12951	12946
14264	14259
14398	14393
10441	10436
11442	11437
14061	14056
12877	12872
11770	11765
11089	11084
12448	12443
10422	10417
10043	10038
10890	10885
12660	12655
12364	12359
10082	10077
12172	12167
10861	10856
10960	10955
14658	14653
13840	13835
14282	14277
10110	10105
14111	14106
13580	13575
12447	12442
14761	14756
11468	11463
14167	14162
11028	11023
12168	12163
12497	12492
13507	13502
11121	11116
12194	12189
13016	13011
12737	12732
10574	10569
14231	14226
13995	13990
14033	14028
11621	11616
12252	12247
10648	10643
12830	12825
14035	14030
13567	13562
13234	13229
11262	11257
10676	10671
11161	11156
10009	10004
13433	13428
12276	12271
13208	13203
10772	10767
10542	10537
14145	14140
10751	10746
10063	10058
12245	12240
12970	12965
14160	14155
12466	12461
12848	12843
14560	14555
13317	13312
10821	10816
11662	11657
14227	14222
13063	13058
10464	10459
13989	13984
14819	14814
13394	13389
11813	11808
10637	10632
13691	13686
11603	11598
14204	14199
14522	14517
14956	14951
11744	11739
10053	10048
13924	13919
12192	12187
13187	13182
13211	13206
12146	12141
11825	11820
13305	13300
13436	13431
12739	12734
13706	13701
10710	10705
13753	13748
13400	13395
11361	11356
13161	13156
14018	14013
10021	10016
14599	14594
13015	13010
11236	11231
13833	13828
10187	10182
10421	10416
12360	12355
11137	11132
14878	14873
11666	11661
11234	11229
10958	10953
10816	10811
13734	13729
14385	14380
11828	11823
14291	14286
11411	11406
13065	13060
11655	11650
12156	12151
10979	10974
10837	10832
13826	13821
13942	13937
13911	13906
10378	10373
12860	12855
12345	12340
12060	12055
11451	11446
11639	11634
10055	10050
12939	12934
14064	14059
14568	14563
10781	10776
10759	10754
12193	12188
11690	11685
13368	13363
12372	12367
12446	12441
11987	11982
13941	13936
12407	12402
10292	10287
10488	10483
13772	13767
10023	10018
11823	11818
13996	13991
13909	13904
14210	14205
12956	12951
12827	12822
13823	13818
14284	14279
10152	10147
10091	10086
13278	13273
14880	14875
13112	13107
12431	12426
14511	14506
12246	12241
14352	14347
10233	10228
11928	11923
13487	13482
14635	14630
10271	10266
14300	14295
11645	11640
10708	10703
14056	14051
10626	10621
12017	12012
11952	11947
14441	14436
14428	14423
14294	14289
12964	12959
14765	14760
12597	12592
13318	13313
12289	12284
13603	13598
13351	13346
10012	10007
13022	13017
10119	10114
12971	12966
14165	14160
13240	13235
13373	13368
11497	11492
10536	10531
10134	10129
11085	11080
12139	12134
10158	10153
12933	12928
14785	14780
11064	11059
14533	14528
11073	11068
10813	10808
13183	13178
14749	14744
14451	14446
12013	12008
10791	10786
13030	13025
11579	11574
14365	14360
13198	13193
13793	13788
13907	13902
14396	14391
12041	12036
13387	13382
12138	12133
12680	12675
13365	13360
13011	13006
13439	13434
14469	14464
10487	10482
13285	13280
14862	14857
12994	12989
10168	10163
11385	11380
11233	11228
14220	14215
10760	10755
12730	12725
14467	14462
12799	12794
12342	12337
13497	13492
14987	14982
14109	14104
10582	10577
10354	10349
14724	14719
13088	13083
11693	11688
14870	14865
13329	13324
14889	14884
12520	12515
14911	14906
14376	14371
13385	13380
12048	12043
10993	10988
14342	14337
14990	14985
11502	11497
12537	12532
14639	14634
14547	14542
13885	13880
14707	14702
11421	11416
10689	10684
11013	11008
14614	14609
10448	10443
11420	11415
14697	14692
14694	14689
10714	10709
13888	13883
13147	13142
14871	14866
12795	12790
11249	11244
14118	14113
10425	10420
10925	10920
10301	10296
14638	14633
12696	12691
14922	14917
13681	13676
12961	12956
14939	14934
10950	10945
12220	12215
12701	12696
13547	13542
14490	14485
13816	13811
14344	14339
10919	10914
11633	11628
14699	14694
14876	14871
14644	14639
13855	13850
13536	13531
13865	13860
14773	14768
10397	10392
13617	13612
10627	10622
14159	14154
14266	14261
10533	10528
14420	14415
10163	10158
10132	10127
12562	12557
12006	12001
13655	13650
10681	10676
10458	10453
13035	13030
14831	14826
13806	13801
14357	14352
12644	12639
14005	14000
14360	14355
13641	13636
13982	13977
14494	14489
12493	12488
13090	13085
14837	14832
11762	11757
12235	12230
14979	14974
13376	13371
14048	14043
11061	11056
11060	11055
10007	10002
11554	11549
10578	10573
13627	13622
10036	10031
13879	13874
10903	10898
11812	11807
13749	13744
13338	13333
14613	14608
14316	14311
14502	14497
10517	10512
10268	10263
14696	14691
12285	12280
14753	14748
14317	14312
14191	14186
11671	11666
12844	12839
10635	10630
11634	11629
11167	11162
14295	14290
14671	14666
10569	10564
13139	13134
13315	13310
10334	10329
10219	10214
14953	14948
10844	10839
10743	10738
11834	11829
13150	13145
12528	12523
11793	11788
13549	13544
12635	12630
13993	13988
10971	10966
10904	10899
11375	11370
14117	14112
11313	11308
14894	14889
13348	13343
14075	14070
14890	14885
11097	11092
11753	11748
10862	10857
10812	10807
13199	13194
13966	13961
13442	13437
13904	13899
11945	11940
10252	10247
14147	14142
14706	14701
12999	12994
14516	14511
13917	13912
14039	14034
11010	11005
14730	14725
10718	10713
12255	12250
10299	10294
14751	14746
14926	14921
11743	11738
12919	12914
10453	10448
12676	12671
11683	11678
12209	12204
13660	13655
13254	13249
11918	11913
14156	14151
13146	13141
11544	11539
10814	10809
14346	14341
13445	13440
10283	10278
12511	12506
10740	10735
14576	14571
14729	14724
13310	13305
12761	12756
11585	11580
14767	14762
14663	14658
13367	13362
10532	10527
12691	12686
14621	14616
10484	10479
10509	10504
12188	12183
10551	10546
14612	14607
10557	10552
12469	12464
10526	10521
10774	10769
11053	11048
14022	14017
14382	14377
11071	11066
12085	12080
13372	13367
12102	12097
13197	13192
13735	13730
11814	11809
13901	13896
13243	13238
13116	13111
14477	14472
11650	11645
10444	10439
12093	12088
11877	11872
13302	13297
10345	10340
13293	13288
12494	12489
10617	10612
14418	14413
14601	14596
10831	10826
12788	12783
13548	13543
12083	12078
10811	10806
10693	10688
11334	11329
13587	13582
13237	13232
13002	12997
14007	14002
11931	11926
10826	10821
12962	12957
14538	14533
12651	12646
13172	13167
12340	12335
11367	11362
11841	11836
10997	10992
14901	14896
10236	10231
14392	14387
14334	14329
13427	13422
13713	13708
13494	13489
10884	10879
13817	13812
12807	12802
14778	14773
14825	14820
10707	10702
10032	10027
11907	11902
10852	10847
11202	11197
13228	13223
13291	13286
10011	10006
13456	13451
12968	12963
11978	11973
12582	12577
12600	12595
11900	11895
11187	11182
13848	13843
12155	12150
13647	13642
14967	14962
13386	13381
12812	12807
10286	10281
11564	11559
13764	13759
12254	12249
14298	14293
10857	10852
14442	14437
12713	12708
14391	14386
14640	14635
13839	13834
13476	13471
14600	14595
14253	14248
10076	10071
10483	10478
10270	10265
14680	14675
10926	10921
10596	10591
10889	10884
13347	13342
10454	10449
14408	14403
14234	14229
13804	13799
12650	12645
10008	10003
11667	11662
12404	12399
13248	13243
11906	11901
14726	14721
14650	14645
14897	14892
13644	13639
13634	13629
10437	10432
11116	11111
11153	11148
14286	14281
10104	10099
11561	11556
11424	11419
11217	11212
14205	14200
14872	14867
10188	10183
13624	13619
14685	14680
11045	11040
13094	13089
13307	13302
10599	10594
13057	13052
10295	10290
11600	11595
12160	12155
14827	14822
14649	14644
12322	12317
12351	12346
11065	11060
10189	10184
12559	12554
10361	10356
10784	10779
12078	12073
10392	10387
13207	13202
10506	10501
14942	14937
13767	13762
10013	10008
10263	10258
10085	10080
10321	10316
12786	12781
11590	11585
12605	12600
13354	13349
12337	12332
10782	10777
11679	11674
11730	11725
12204	12199
13998	13993
13525	13520
11464	11459
13599	13594
14627	14622
14333	14328
11255	11250
14807	14802
10798	10793
13788	13783
13230	13225
14743	14738
11901	11896
12280	12275
12417	12412
14107	14102
12576	12571
14102	14097
11622	11617
13319	13314
12421	12416
11592	11587
13490	13485
13345	13340
11911	11906
13263	13258
13564	13559
13608	13603
13694	13689
13722	13717
10332	10327
11151	11146
12306	12301
10854	10849
10145	10140
10716	10711
13899	13894
12028	12023
13141	13136
13458	13453
12995	12990
10176	10171
10148	10143
13600	13595
14302	14297
12785	12780
13711	13706
14446	14441
12607	12602
13378	13373
13025	13020
13977	13972
14960	14955
10447	10442
11746	11741
12451	12446
10346	10341
10010	10005
11056	11051
14818	14813
12323	12318
10746	10741
10470	10465
13552	13547
12921	12916
14028	14023
13661	13656
11455	11450
11508	11503
12721	12716
14861	14856
13251	13246
10892	10887
14257	14252
14183	14178
13463	13458
11055	11050
10876	10871
10530	10525
12890	12885
13595	13590
11271	11266
13618	13613
13787	13782
13017	13012
11630	11625
12659	12654
13612	13607
14534	14529
12911	12906
10632	10627
14698	14693
14394	14389
10423	10418
13448	13443
13071	13066
12152	12147
11458	11453
14683	14678
12917	12912
14728	14723
14313	14308
11981	11976
10111	10106
12601	12596
12882	12877
11066	11061
13802	13797
10098	10093
12116	12111
11977	11972
12689	12684
12570	12565
14526	14521
13078	13073
13077	13072
10248	10243
14225	14220
10336	10331
12331	12326
10999	10994
11087	11082
12547	12542
13771	13766
11408	11403
13835	13830
10610	10605
13250	13245
13680	13675
10815	10810
11356	11351
14218	14213
10568	10563
11324	11319
12898	12893
13181	13176
12167	12162
10773	10768
10503	10498
14369	14364
11052	11047
14259	14254
12681	12676
12952	12947
11588	11583
10323	10318
13551	13546
11277	11272
12438	12433
12282	12277
13363	13358
14733	14728
12090	12085
13593	13588
11154	11149
12754	12749
14582	14577
14866	14861
10016	10011
11081	11076
11965	11960
14304	14299
14001	13996
13558	13553
13037	13032
14026	14021
12024	12019
14166	14161
11851	11846
14995	14990
14823	14818
14853	14848
10828	10823
14500	14495
11239	11234
12969	12964
14971	14966
13437	13432
12150	12145
12751	12746
11930	11925
11782	11777
14793	14788
14091	14086
10545	10540
10079	10074
14230	14225
10377	10372
10468	10463
12262	12257
13524	13519
14808	14803
10369	10364
10870	10865
10614	10609
10184	10179
10995	10990
12901	12896
10767	10762
11030	11025
10886	10881
13473	13468
13081	13076
13313	13308
14659	14654
14003	13998
12575	12570
12042	12037
12808	12803
12732	12727
13978	13973
11864	11859
11879	11874
10310	10305
10480	10475
10386	10381
14404	14399
10825	10820
13881	13876
10109	10104
14212	14207
13180	13175
14214	14209
13958	13953
12896	12891
14643	14638
12217	12212
13585	13580
13785	13780
10347	10342
13797	13792
11717	11712
14410	14405
13235	13230
12277	12272
12652	12647
14836	14831
11616	11611
12518	12513
11821	11816
14789	14784
13130	13125
12130	12125
11949	11944
12424	12419
10729	10724
12347	12342
11235	11230
12824	12819
12941	12936
11806	11801
13113	13108
14583	14578
12049	12044
14354	14349
11884	11879
11220	11215
14487	14482
10600	10595
12365	12360
13949	13944
10094	10089
11446	11441
11899	11894
13244	13239
13188	13183
12828	12823
14190	14185
10706	10701
14848	14843
14239	14234
14586	14581
10092	10087
13544	13539
10570	10565
12596	12591
14251	14246
11002	10997
14847	14842
11338	11333
14740	14735
11130	11125
14492	14487
10095	10090
14303	14298
11422	11417
12397	12392
13777	13772
11872	11867
12982	12977
14579	14574
10758	10753
13356	13351
13513	13508
11171	11166
13434	13429
10872	10867
12459	12454
10047	10042
12790	12785
13503	13498
11301	11296
14664	14659
10439	10434
11427	11422
14034	14029
12517	12512
14784	14779
12051	12046
10604	10599
13118	13113
12591	12586
10149	10144
13637	13632
13517	13512
14293	14288
14021	14016
14055	14050
10400	10395
12842	12837
13209	13204
14296	14291
10318	10313
10921	10916
13446	13441
14570	14565
13350	13345
11512	11507
11046	11041
11348	11343
12533	12528
14217	14212
11875	11870
10878	10873
14104	14099
14655	14650
10657	10652
10406	10401
10446	10441
14781	14776
10206	10201
12678	12673
11803	11798
14175	14170
12359	12354
11322	11317
10750	10745
13277	13272
14380	14375
11973	11968
10086	10081
14732	14727
12097	12092
10987	10982
12749	12744
10068	10063
11126	11121
13104	13099
12457	12452
14121	14116
13850	13845
11431	11426
11749	11744
14610	14605
13148	13143
13727	13722
10266	10261
14961	14956
11976	11971
14896	14891
14670	14665
14514	14509
13537	13532
12052	12047
13229	13224
12670	12665
14512	14507
12103	12098
12963	12958
10278	10273
10069	10064
14676	14671
12685	12680
11692	11687
12804	12799
14093	14088
13075	13070
13359	13354
13408	13403
12305	12300
13072	13067
13460	13455
14199	14194
13299	13294
13642	13637
11661	11656
13174	13169
14903	14898
11653	11648
10724	10719
11840	11835
11231	11226
14943	14938
10909	10904
11701	11696
11207	11202
14092	14087
11986	11981
14679	14674
12986	12981
14496	14491
14206	14201
11357	11352
13751	13746
10881	10876
11459	11454
13984	13979
13554	13549
12619	12614
14258	14253
14566	14561
14505	14500
10719	10714
11371	11366
14865	14860
10778	10773
14900	14895
11006	11001
11450	11445
13264	13259
14274	14269
14326	14321
10505	10500
13747	13742
10317	10312
10461	10456
12909	12904
13656	13651
11198	11193
14573	14568
10143	10138
10005	10000
14553	14548
11780	11775
12661	12656
13732	13727
13913	13908
11892	11887
14307	14302
11183	11178
14931	14926
14913	14908
13903	13898
14964	14959
14122	14117
14246	14241
13535	13530
13155	13150
10838	10833
12069	12064
10202	10197
11921	11916
13611	13606
12545	12540
12756	12751
14439	14434
14966	14961
11494	11489
10992	10987
14017	14012
14112	14107
13008	13003
13900	13895
10155	10150
12444	12439
14097	14092
14842	14837
12624	12619
13136	13131
11925	11920
11698	11693
10522	10517
14004	13999
13242	13237
13837	13832
12253	12248
12604	12599
10770	10765
12526	12521
11915	11910
10083	10078
11107	11102
13813	13808
12329	12324
13990	13985
10513	10508
12072	12067
13488	13483
14832	14827
13132	13127
11833	11828
10823	10818
12071	12066
12117	12112
11832	11827
14829	14824
11783	11778
10039	10034
14325	14320
12088	12083
14066	14061
13671	13666
13341	13336
13654	13649
13391	13386
10953	10948
13944	13939
10664	10659
11105	11100
14196	14191
14463	14458
11984	11979
13160	13155
13451	13446
14290	14285
14873	14868
13931	13926
14058	14053
14349	14344
11020	11015
11934	11929
10474	10469
10136	10131
12789	12784
10033	10028
13169	13164
11516	11511
10038	10033
12893	12888
11306	11301
14615	14610
10863	10858
13639	13634
11276	11271
10634	10629
14483	14478
12274	12269
12884	12879
11995	11990
13790	13785
14849	14844
10133	10128
11923	11918
11122	11117
14459	14454
10580	10575
11733	11728
14768	14763
14096	14091
13675	13670
10467	10462
12711	12706
13026	13021
13960	13955
13985	13980
14806	14801
10866	10861
11453	11448
14240	14235
13774	13769
14471	14466
13895	13890
14771	14766
12036	12031
13189	13184
13883	13878
11699	11694
12362	12357
11444	11439
14247	14242
11983	11978
12495	12490
14177	14172
11248	11243
12418	12413
12476	12471
10929	10924
10786	10781
10871	10866
13758	13753
13438	13433
11964	11959
10628	10623
11859	11854
13069	13064
11528	11523
13629	13624
13125	13120
14320	14315
12383	12378
14406	14401
10756	10751
12643	12638
12672	12667
12975	12970
12692	12687
13342	13337
12904	12899
10084	10079
12594	12589
12695	12690
10161	10156
14826	14821
10848	10843
12906	12901
10752	10747
13200	13195
13591	13586
11854	11849
14301	14296
10737	10732
14718	14713
10879	10874
10275	10270
13261	13256
12240	12235
12312	12307
14551	14546
10705	10700
14520	14515
14788	14783
14085	14080
11339	11334
14090	14085
13339	13334
12770	12765
14554	14549
14578	14573
14994	14989
12855	12850
14497	14492
11654	11649
10338	10333
12776	12771
10359	10354
14079	14074
11077	11072
14278	14273
14796	14791
13397	13392
12458	12453
11498	11493
10330	10325
11391	11386
12483	12478
13742	13737
13581	13576
11591	11586
14813	14808
13712	13707
12708	12703
13084	13079
12845	12840
13863	13858
11942	11937
11131	11126
14543	14538
10572	10567
11310	11305
13956	13951
14068	14063
12481	12476
11704	11699
11109	11104
13875	13870
13461	13456
13755	13750
12210	12205
10308	10303
10183	10178
14525	14520
11170	11165
14541	14536
10137	10132
10696	10691
12068	12063
12697	12692
10880	10875
14339	14334
10062	10057
12611	12606
14952	14947
10427	10422
14474	14469
13906	13901
11048	11043
14362	14357
12836	12831
13048	13043
10126	10121
11636	11631
11975	11970
10853	10848
12029	12024
14088	14083
14632	14627
11939	11934
11099	11094
10988	10983
14378	14373
11868	11863
12565	12560
13418	13413
10121	10116
11232	11227
10344	10339
12523	12518
14803	14798
14587	14582
11607	11602
12934	12929
12829	12824
10507	10502
12374	12369
13521	13516
11909	11904
12798	12793
10456	10451
11569	11564
11563	11558
14136	14131
10241	10236
11484	11479
13836	13831
10337	10332
11477	11472
11670	11665
11086	11081
10523	10518
11017	11012
13980	13975
12413	12408
10973	10968
13195	13190
10434	10429
13204	13199
14433	14428
14754	14749
12265	12260
14356	14351
13074	13069
12486	12481
11182	11177
10436	10431
10555	10550
10108	10103
10607	10602
12482	12477
11837	11832
10022	10017
11372	11367
10273	10268
13937	13932
10754	10749
11716	11711
10981	10976
12973	12968
12645	12640
12243	12238
12238	12233
14119	14114
13303	13298
13003	12998
13780	13775
10939	10934
14252	14247
10757	10752
13921	13916
10595	10590
11727	11722
12162	12157
11321	11316
10899	10894
12182	12177
13184	13179
10492	10487
12080	12075
14412	14407
10559	10554
14581	14576
11867	11862
10479	10474
12857	12852
10272	10267
10972	10967
13192	13187
11545	11540
11659	11654
13540	13535
12784	12779
12802	12797
14114	14109
13704	13699
13479	13474
14445	14440
14577	14572
14213	14208
12835	12830
12239	12234
10028	10023
14292	14287
12267	12262
14595	14590
10877	10872
12454	12449
11343	11338
13308	13303
10683	10678
10636	10631
11587	11582
11628	11623
13218	13213
10656	10651
13423	13418
14816	14811
10420	10415
12958	12953
14997	14992
14499	14494
14267	14262
11098	11093
12740	12735
11428	11423
12589	12584
11748	11743
14932	14927
14100	14095
14673	14668
11648	11643
12662	12657
14991	14986
10553	10548
13340	13335
13812	13807
11549	11544
12897	12892
14790	14785
12480	12475
13501	13496
13964	13959
13971	13966
12225	12220
10959	10954
10472	10467
13335	13330
13568	13563
11844	11839
10856	10851
14203	14198
10793	10788
12993	12988
10212	10207
11838	11833
13447	13442
14481	14476
10462	10457
13825	13820
10417	10412
13920	13915
13678	13673
11724	11719
13643	13638
11599	11594
11218	11213
14315	14310
13868	13863
14318	14313
14025	14020
14523	14518
11370	11365
12814	12809
12996	12991
14637	14632
10822	10817
13499	13494
14766	14761
11269	11264
12769	12764
14850	14845
12987	12982
12742	12737
12332	12327
10549	10544
12718	12713
10284	10279
14041	14036
13534	13529
14669	14664
14968	14963
12169	12164
13100	13095
10325	10320
12546	12541
12640	12635
12755	12750
10235	10230
10790	10785
11798	11793
13153	13148
11735	11730
14619	14614
14529	14524
13882	13877
10996	10991
11472	11467
11800	11795
10935	10930
12371	12366
13864	13859
13746	13741
11172	11167
12023	12018
11200	11195
10951	10946
14465	14460
14588	14583
11486	11481
14563	14558
12717	12712
12416	12411
10087	10082
12300	12295
12957	12952
14891	14886
14924	14919
13246	13241
12428	12423
12618	12613
11380	11375
12181	12176
10228	10223
13915	13910
12972	12967
12002	11997
14602	14597
13892	13887
14846	14841
14689	14684
14929	14924
13128	13123
12261	12256
10026	10021
11378	11373
13091	13086
13610	13605
13225	13220
10309	10304
13403	13398
13440	13435
13669	13664
14178	14173
10585	10580
11447	11442
14944	14939
12009	12004
12475	12470
14358	14353
14558	14553
12477	12472
12657	12652
11572	11567
10353	10348
14910	14905
14656	14651
13710	13705
11067	11062
12584	12579
10520	10515
12363	12358
13938	13933
11158	11153
12290	12285
11705	11700
12851	12846
14242	14237
13491	13486
12338	12333
13000	12995
12832	12827
10477	10472
14527	14522
10333	10328
10096	10091
12394	12389
14345	14340
10969	10964
10123	10118
10391	10386
11215	11210
13145	13140
12642	12637
14478	14473
14840	14835
12147	12142
14139	14134
14327	14322
14425	14420
11096	11091
11059	11054
11610	11605
14460	14455
12107	12102
13512	13507
13457	13452
13215	13210
13038	13033
10712	10707
11251	11246
10030	10025
10001	9996
10201	10196
14700	14695
14857	14852
13533	13528
13106	13101
12500	12495
13089	13084
14027	14022
14923	14918
10385	10380
14401	14396
14519	14514
12328	12323
11758	11753
11795	11790
12505	12500
12535	12530
10118	10113
10633	10628
14444	14439
13702	13697
13584	13579
12367	12362
13979	13974
12658	12653
10089	10084
13276	13271
14489	14484
14277	14272
12891	12886
13429	13424
14046	14041
13336	13331
14714	14709
11809	11804
13493	13488
11586	11581
11194	11189
10225	10220
10324	10319
13175	13170
14631	14626
11317	11312
11527	11522
12747	12742
11135	11130
11449	11444
10459	10454
10927	10922
14409	14404
14438	14433
13635	13630
14126	14121
12743	12738
13562	13557
10525	10520
14893	14888
14549	14544
13968	13963
12809	12804
11270	11265
12978	12973
14241	14236
11296	11291
13196	13191
10552	10547
12410	12405
14906	14901
14899	14894
12544	12539
13619	13614
10166	10161
14620	14615
10015	10010
11970	11965
12573	12568
14036	14031
10360	10355
12779	12774
12519	12514
12967	12962
12985	12980
10704	10699
11323	11318
13430	13425
11275	11270
10167	10162
14596	14591
13108	13103
14087	14082
11286	11281
11452	11447
14530	14525
12461	12456
14591	14586
12734	12729
14742	14737
13252	13247
14323	14318
12081	12076
14974	14969
13845	13840
12655	12650
14032	14027
11550	11545
14879	14874
14415	14410
14134	14129
13024	13019
10736	10731
10613	10608
10287	10282
12392	12387
12228	12223
11001	10996
12491	12486
13110	13105
12251	12246
13546	13541
11719	11714
13522	13517
13570	13565
14080	14075
14223	14218
11660	11655
10471	10466
14161	14156
14628	14623
13492	13487
13370	13365
14453	14448
14674	14669
11540	11535
11005	11000
10623	10618
10955	10950
10550	10545
10250	10245
13389	13384
13224	13219
14390	14385
11181	11176
14812	14807
14984	14979
12735	12730
11862	11857
11329	11324
10496	10491
10649	10644
11707	11702
13324	13319
11685	11680
11999	11994
13042	13037
11525	11520
12361	12356
14115	14110
12037	12032
13023	13018
13018	13013
13410	13405
13314	13309
10307	10302
10211	10206
10174	10169
13693	13688
14280	14275
10380	10375
10077	10072
10605	10600
13036	13031
14608	14603
12257	12252
14429	14424
14254	14249
11057	11052
10896	10891
11908	11903
12091	12086
11051	11046
10304	10299
13099	13094
14626	14621
12292	12287
14970	14965
13143	13138
14794	14789
14805	14800
12854	12849
10800	10795
12473	12468
11128	11123
10027	10022
14921	14916
13121	13116
10769	10764
12504	12499
10894	10889
11966	11961
10044	10039
11023	11018
14359	14354
10384	10379
14811	14806
11757	11752
12395	12390
14263	14258
13811	13806
12899	12894
13031	13026
13498	13493
10755	10750
11941	11936
13867	13862
11689	11684
10493	10488
10393	10388
10234	10229
12615	12610
11492	11487
11305	11300
13505	13500
11547	11542
10376	10371
14727	14722
13292	13287
14999	14994
12673	12668
12895	12890
10365	10360
14885	14880
11731	11726
12405	12400
14835	14830
11571	11566
11940	11935
14572	14567
14548	14543
12344	12339
11574	11569
14603	14598
10000	9995
10832	10827
13994	13989
13115	13110
11210	11205
14799	14794
14843	14838
13729	13724
11000	10995
10952	10947
11903	11898
13124	13119
14531	14526
11416	11411
14124	14119
13598	13593
10629	10624
12720	12715
14524	14519
11288	11283
14416	14411
13258	13253
11551	11546
14567	14562
14710	14705
11197	11192
14735	14730
13768	13763
14882	14877
13847	13842
11483	11478
10643	10638
13709	13704
12425	12420
10401	10396
14089	14084
13346	13341
13664	13659
11417	11412
14414	14409
14517	14512
14101	14096
10029	10024
14458	14453
14040	14035
12858	12853
14975	14970
11799	11794
12005	12000
10112	10107
10172	10167
14407	14402
14105	14100
12121	12116
13613	13608
10608	10603
12834	12829
10720	10715
10042	10037
12577	12572
13607	13602
12241	12236
12775	12770
13630	13625
11315	11310
10179	10174
14368	14363
13377	13372
12199	12194
12492	12487
10502	10497
11405	11400
10129	10124
12712	12707
12864	12859
13970	13965
10508	10503
11475	11470
12543	12538
12716	12711
14940	14935
14125	14120
14144	14139
11426	11421
11203	11198
10501	10496
14279	14274
13362	13357
10670	10665
12736	12731
10445	10440
10209	10204
10058	10053
14319	14314
13083	13078
10964	10959
12731	12726
11614	11609
13555	13550
10262	10257
14501	14496
13056	13051
14421	14416
10169	10164
13814	13809
12288	12283
14657	14652
14667	14662
12794	12789
10198	10193
10946	10941
10675	10670
11606	11601
12079	12074
11471	11466
11350	11345
10315	10310
12105	12100
11708	11703
13233	13228
14736	14731
12050	12045
12327	12322
10722	10717
11439	11434
11117	11112
14725	14720
12668	12663
12558	12553
11924	11919
14786	14781
11083	11078
13953	13948
13846	13841
10900	10895
14402	14397
14798	14793
10093	10088
12598	12593
13983	13978
13245	13240
11718	11713
14383	14378
14179	14174
14864	14859
13001	12996
11330	11325
13528	13523
10051	10046
14030	14025
13760	13755
11394	11389
13974	13969
11138	11133
12669	12664
14044	14039
14695	14690
10375	10370
10807	10802
14949	14944
14437	14432
11032	11027
11682	11677
13530	13525
13098	13093
14054	14049
11857	11852
13775	13770
14919	14914
11469	11464
11318	11313
11608	11603
10741	10736
13648	13643
14654	14649
10829	10824
10382	10377
11711	11706
13594	13589
10685	10680
12997	12992
10469	10464
10105	10100
12752	12747
11548	11543
14045	14040
12792	12787
10197	10192
11114	11109
12310	12305
12127	12122
14311	14306
12634	12629
10647	10642
11496	11491
14200	14195
12989	12984
11524	11519
12530	12525
11241	11236
12636	12631
11031	11026
10961	10956
13769	13764
10031	10026
11905	11900
11222	11217
14137	14132
10611	10606
12918	12913
11035	11030
10618	10613
13519	13514
10818	10813
13004	12999
12539	12534
11440	11435
14721	14716
12260	12255
12666	12661
12626	12621
13928	13923
14059	14054
10991	10986
10253	10248
14287	14282
11193	11188
11664	11659
14504	14499
11887	11882
14043	14038
12916	12911
11415	11410
12452	12447
11295	11290
10748	10743
12879	12874
12930	12925
11935	11930
14756	14751
10226	10221
12621	12616
10419	10414
13421	13416
13878	13873
13221	13216
11049	11044
11562	11557
10833	10828
12825	12820
12572	12567
12376	12371
11259	11254
13283	13278
14154	14149
13925	13920
11759	11754
10455	10450
14276	14271
12821	12816
14466	14461
10662	10657
13744	13739
11785	11780
12357	12352
14201	14196
13588	13583
12588	12583
14701	14696
14791	14786
14738	14733
11555	11550
12826	12821
10764	10759
12368	12363
10312	10307
14907	14902
12613	12608
12248	12243
13873	13868
12926	12921
11146	11141
11589	11584
10289	10284
10535	10530
13779	13774
11514	11509
12759	12754
14868	14863
11855	11850
12846	12841
11212	11207
10260	10255
12991	12986
13123	13118
13381	13376
12326	12321
14755	14750
13459	13454
12391	12386
13079	13074
10414	10409
13295	13290
11214	11209
11876	11871
14265	14260
10122	10117
14449	14444
12947	12942
13597	13592
11904	11899
10203	10198
12677	12672
14128	14123
13818	13813
14281	14276
11211	11206
13514	13509
13992	13987
13054	13049
13412	13407
14802	14797
14757	14752
12503	12498
12502	12497
14589	14584
12876	12871
13523	13518
11605	11600
14859	14854
10019	10014
14140	14135
13414	13409
13506	13501
14867	14862
12748	12743
10230	10225
10726	10721
11034	11029
14925	14920
13133	13128
12022	12017
11796	11791
12380	12375
13586	13581
11789	11784
14479	14474
11638	11633
11656	11651
13055	13050
14063	14058
14905	14900
11559	11554
10141	10136
11070	11065
14340	14335
12339	12334
12379	12374
13976	13971
12317	12312
13405	13400
10195	10190
12229	12224
14189	14184
12490	12485
14067	14062
12764	12759
10364	10359
12489	12484
13005	13000
10717	10712
11526	11521
13849	13844
12341	12336
13566	13561
10810	10805
13482	13477
12950	12945
12959	12954
12699	12694
11582	11577
10805	10800
13605	13600
11333	11328
14219	14214
11159	11154
13870	13865
14904	14899
10667	10662
14571	14566
14452	14447
12935	12930
12401	12396
10120	10115
10277	10272
14562	14557
12774	12769
12455	12450
12173	12168
10785	10780
12623	12618
11627	11622
12021	12016
11644	11639
10544	10539
13095	13090
11710	11705
12266	12261
13322	13317
11268	11263
12726	12721
12106	12101
10885	10880
12040	12035
12299	12294
13070	13065
11912	11907
11462	11457
14535	14530
10609	10604
11712	11707
13105	13100
11227	11222
11721	11716
12603	12598
14503	14498
14329	14324
10246	10241
11175	11170
12108	12103
13667	13662
11948	11943
11531	11526
13092	13087
10056	10051
10403	10398
14083	14078
11595	11590
14493	14488
11445	11440
14328	14323
14491	14486
10817	10812
10075	10070
12549	12544
10519	10514
14677	14672
12593	12588
14815	14810
13604	13599
14746	14741
13464	13459
11745	11740
13334	13329
11609	11604
14180	14175
10514	10509
13579	13574
10282	10277
12453	12448
10699	10694
12850	12845
12222	12217
11362	11357
10067	10062
11845	11840
13268	13263
11074	11069
11694	11689
14839	14834
14759	14754
13687	13682
13327	13322
14341	14336
13999	13994
13420	13415
11769	11764
14792	14787
11162	11157
11400	11395
14129	14124
10204	10199
14580	14575
13190	13185
12325	12320
13954	13949
10072	10067
13740	13735
11196	11191
13297	13292
12908	12903
11482	11477
12460	12455
14305	14300
12180	12175
13103	13098
12177	12172
11597	11592
11376	11371
11095	11090
10641	10636
13227	13222
14272	14267
10355	10350
11916	11911
12510	12505
12178	12173
14821	14816
11264	11259
13789	13784
13690	13685
12587	12582
14275	14270
14343	14338
10481	10476
14403	14398
14133	14128
13657	13652
13062	13057
13625	13620
10830	10825
11008	11003
11703	11698
14946	14941
14195	14190
12509	12504
14485	14480
end data 
